-29.3326
-23.2809
-23.2809
-21.3965
-21.3945
-21.3787
-21.3581
-21.3339
-21.3096
-21.289
-21.2752
-19.1129
-19.1129
-17.2581
-17.2581
-17.2291
-17.2102
-17.2098
-17.2092
-17.2085
-17.2081
-15.6287
-15.6287
-15.3438
-15.3438
-15.3274
-15.3274
-15.3028
-15.3028
-15.2733
-15.2733
-15.2455
-15.2455
-15.2257
-15.2257
-14.6351
-14.6351
-13.7525
-13.7525
-13.7119
-13.7107
-13.7089
-13.7072
-13.457
-13.431
-13.426
-13.3987
-13.3937
-13.3678
-13.3671
-13.3621
-13.344
-13.3388
-13.3361
-13.3132
-13.3038
-13.2806
-13.2486
-13.0611
-13.0611
-12.7558
-12.7558
-12.7084
-12.7079
-12.7072
-12.7065
-11.7063
-11.7063
-11.2063
-11.2063
-11.1757
-11.1757
-11.1591
-11.1591
-11.1581
-11.1581
-11.1573
-11.1573
-11.1564
-11.1564
-11.156
-11.156
-11.1284
-11.1284
-11.1016
-11.1016
-11.0798
-11.0798
-11.0592
-11.0592
-10.3197
-10.3197
-9.84302
-9.84302
-9.79733
-9.79733
-9.79702
-9.57691
-9.57691
-9.32054
-9.32054
-9.29296
-9.29296
-9.27619
-9.27109
-9.27106
-9.26905
-9.26657
-9.25788
-9.25788
-9.25399
-9.25399
-9.24571
-9.22895
-9.22892
-9.22112
-9.22112
-9.21097
-9.20841
-9.20394
-9.20394
-9.19223
-9.18101
-9.18096
-9.17827
-9.15739
-9.15662
-9.15483
-8.89321
-8.58333
-8.58333
-8.4509
-8.4509
-8.40233
-8.40233
-8.40206
-8.04633
-8.04633
-7.7007
-7.7007
-7.69164
-7.69164
-7.6751
-7.6751
-7.65928
-7.65928
-7.65635
-7.65635
-7.6486
-7.6486
-7.61275
-7.61275
-7.57986
-7.57986
-7.37414
-7.37414
-7.33662
-7.33662
-7.33187
-7.33187
-7.30094
-7.30094
-7.29567
-7.29567
-7.26488
-7.26488
-7.2221
-7.2221
-7.03838
-7.03838
-7.00754
-7.00754
-6.99091
-6.99091
-6.9899
-6.9899
-6.98872
-6.98872
-6.70398
-6.70398
-6.70073
-6.70073
-6.69559
-6.69559
-6.66637
-6.66637
-6.65662
-6.65662
-6.65614
-6.65614
-6.65503
-6.65503
-6.62254
-6.62254
-6.587
-6.587
-6.17394
-6.17394
-6.13061
-6.13051
-5.93027
-5.93027
-5.81447
-5.81415
-5.77897
-5.77895
-5.77479
-5.76183
-5.74267
-5.74263
-5.70947
-5.70937
-5.70716
-5.67434
-5.65446
-5.65446
-5.4674
-5.4674
-5.45239
-5.42005
-5.42003
-5.40898
-5.40898
-5.40777
-5.3584
-5.34284
-5.18356
-5.13606
-5.13606
-5.13448
-5.13448
-5.13019
-5.13019
-5.10753
-5.10714
-5.10521
-5.10428
-5.10422
-5.08724
-5.08486
-5.08475
-5.06947
-5.06947
-5.03998
-5.03998
-5.01301
-5.01301
-4.82704
-4.82704
-4.81534
-4.81531
-4.78784
-4.78716
-4.77018
-4.76979
-4.76435
-4.76209
-4.74157
-4.74135
-4.71578
-4.71576
-4.6952
-4.68129
-4.41541
-4.41541
-4.26789
-4.26789
-4.20879
-4.20879
-4.0559
-4.0559
-4.00761
-4.00759
-3.79122
-3.79122
-3.76765
-3.76765
-3.7472
-3.7472
-3.74554
-3.74554
-3.72557
-3.72557
-3.68092
-3.68092
-3.66254
-3.66254
-3.55416
-3.55416
-3.53277
-3.53277
-3.5056
-3.5056
-3.50382
-3.50382
-3.49106
-3.49106
-3.48783
-3.48783
-3.41712
-3.41712
-3.23843
-3.23843
-3.21749
-3.21749
-3.20607
-3.20607
-3.1966
-3.1966
-3.18559
-3.18559
-3.1643
-3.1643
-3.1596
-3.1596
-3.15613
-3.15613
-3.15353
-3.15353
-3.1304
-3.1304
-3.12102
-3.12102
-3.11242
-3.11242
-3.10974
-3.10974
-3.09186
-3.09186
-3.05414
-3.05414
-2.95706
-2.95706
-2.88908
-2.88908
-2.56058
-2.56058
-2.53605
-2.53605
-2.51339
-2.51339
-2.51156
-2.51156
-2.51007
-2.51007
-2.48938
-2.48938
-2.4877
-2.4877
-2.3991
-2.3991
-2.38088
-2.38088
-2.3515
-2.3515
-2.35055
-2.35055
-2.34153
-2.34153
-2.33711
-2.33711
-2.29723
-2.28817
-2.28817
-2.26994
-2.26994
-1.99454
-1.99454
-1.92476
-1.90139
-1.90136
-1.84598
-1.84077
-1.83354
-1.83354
-1.79998
-1.79998
-1.75582
-1.67795
-1.67794
-1.6342
-1.6342
-1.628
-1.62792
-1.62543
-1.62218
-1.59084
-1.58858
-1.57811
-1.57811
-1.54148
-1.53964
-1.53947
-1.53947
-1.49558
-1.48656
-1.4865
-1.30966
-1.3092
-1.30393
-1.28482
-1.28482
-1.26898
-1.26893
-1.22311
-1.2181
-1.20755
-1.20456
-1.20446
-1.08665
-1.08665
-1.03934
-1.02315
-1.02315
-0.976413
-0.955745
-0.955745
-0.939633
-0.939492
-0.938365
-0.938258
-0.931183
-0.931183
-0.931009
-0.894316
-0.871775
-0.848164
-0.681249
-0.68123
-0.647319
-0.6473
-0.635619
-0.635599
-0.633346
-0.63334
-0.631619
-0.631619
-0.612315
-0.611359
-0.601863
-0.601804
-0.587393
-0.549294
-0.549189
-0.508583
-0.508579
-0.484805
-0.484805
-0.449473
-0.441592
-0.438423
-0.438422
-0.40033
-0.40033
-0.353902
-0.122186
-0.122186
-0.105322
-0.105322
-0.0999708
-0.0999579
-0.084558
-0.084558
-0.048454
-0.0484539
-0.0368604
-0.0368604
0.0109559
0.0109559
0.0623941
0.0829241
0.0829241
0.121522
0.121522
0.27543
0.27543
0.293523
0.293523
0.313949
0.313949
0.325158
0.325158
0.341818
0.349644
0.349644
0.368238
0.368238
0.376746
0.376746
0.406014
0.406014
0.431609
0.431609
0.571372
0.571372
0.584382
0.584382
0.605629
0.605629
0.629874
0.629874
0.676545
0.676545
0.723125
0.723125
0.812981
0.812981
0.914589
0.914596
0.921532
0.921532
0.933392
0.933392
0.940848
0.940848
0.945186
0.945186
0.948243
0.948243
0.958147
0.958147
0.96113
0.96113
0.982908
0.982908
0.983797
0.983797
1.00115
1.00115
1.00969
1.00969
1.01612
1.01612
1.01763
1.01763
1.05424
1.05424
1.08764
1.08764
1.22646
1.22646
1.24658
1.24658
1.26756
1.26756
1.29684
1.29684
1.31107
1.31107
1.31908
1.31908
1.33634
1.33634
1.38582
1.38582
1.42797
1.42797
1.43711
1.43711
1.67495
1.67495
1.75485
1.75485
1.76882
1.76882
1.76945
1.78415
1.80107
1.80107
1.81735
1.81735
1.84299
1.84299
1.84502
1.91401
1.91401
1.94173
1.94173
1.94972
1.94975
1.98667
1.98667
1.99589
1.99589
1.99769
1.99771
2.01258
2.01258
2.04363
2.04363
2.0832
2.0832
2.11323
2.11323
2.17338
2.17339
2.19854
2.19855
2.2178
2.24347
2.30263
2.33979
2.3398
2.3806
2.3806
2.44439
2.44441
2.48907
2.48917
2.54434
2.54726
2.54857
2.54965
2.58856
2.58857
2.5926
2.5926
2.62317
2.62319
2.63489
2.63489
2.68242
2.68242
2.79197
2.79197
2.80412
2.81625
2.83568
2.83738
2.84832
2.86556
2.88307
2.88311
2.92652
2.9536
2.95361
2.9634
2.96342
2.99126
2.99126
3.09468
3.09468
3.1368
3.13738
3.1627
3.1627
3.21218
3.21218
3.22786
3.29904
3.29904
3.30457
3.30457
3.31685
3.31685
3.38425
3.38425
3.52125
3.52128
3.53688
3.53758
3.54177
3.54177
3.55027
3.55027
3.55835
3.55844
3.57526
3.57532
3.61488
3.61488
3.61811
3.62659
3.69905
3.70735
3.70742
3.73
3.73
3.74408
3.74408
3.77778
3.77778
3.78831
3.78839
3.79612
3.79612
3.81836
3.86238
3.86238
3.87598
3.87598
3.90177
3.90304
3.98182
3.98185
4.01263
4.01263
4.02938
4.02938
4.04675
4.04675
4.20298
4.20298
4.24378
4.24379
4.27988
4.27988
4.28944
4.28944
4.37781
4.37784
4.43804
4.43804
4.47368
4.47368
4.47416
4.47416
4.47643
4.47643
4.52051
4.52051
4.5448
4.5448
4.57327
4.57327
4.58688
4.58688
4.66478
4.66478
4.73603
4.73603
4.75046
4.75046
4.78476
4.78476
4.85321
4.85321
4.86927
4.86927
4.9542
4.9542
4.96294
4.96294
4.99932
4.99932
5.02698
5.02698
5.0657
5.0657
5.06812
5.06812
5.08926
5.08926
5.1114
5.1114
5.14076
5.14708
5.14708
5.16164
5.16164
5.25313
5.25314
5.2607
5.2607
5.34558
5.34558
5.37873
5.37873
5.39557
5.39557
5.42049
5.42049
5.44818
5.44818
5.47586
5.47586
5.47869
5.47869
5.53393
5.53393
5.56127
5.56294
5.61724
5.64402
5.6451
5.64541
5.67921
5.67921
5.68388
5.79113
5.79113
5.8079
5.8079
5.84078
5.8887
5.8887
5.91557
6.00995
6.01452
6.03517
6.13211
6.13213
6.14268
6.14268
6.14459
6.14459
6.16216
6.16216
6.24491
6.24491
6.25582
6.25582
6.25941
6.32819
6.32819
6.34424
6.34427
6.35415
6.36081
6.38333
6.38333
6.38418
6.38812
6.39625
6.40747
6.49493
6.49493
6.51249
6.52427
6.54112
6.55453
6.61294
6.61751
6.61954
6.64701
6.6488
6.70079
6.70951
6.77027
6.77033
6.78282
6.80111
6.8037
6.86378
6.86393
6.93429
6.96805
6.99424
7.01039
7.01228
7.02297
7.02314
7.13117
7.13938
7.13942
7.1529
7.1529
7.17408
7.25959
7.26
7.30114
7.30649
7.33073
7.33443
7.35436
7.36235
7.36354
7.47718
7.4772
7.48747
7.48753
7.50856
7.50857
7.61358
7.63034
7.67691
7.69858
7.70723
7.7073
7.70877
7.70987
7.71007
7.72412
7.72438
7.77616
7.77659
7.89338
7.89343
7.90659
7.91092
7.94132
7.94496
7.96621
7.96665
7.97497
7.99438
8.01314
8.08919
8.08924
8.09752
8.09752
8.15919
8.15922
8.15967
8.24401
8.24406
8.28629
8.2864
8.31848
8.41634
8.41635
8.54762
8.54763
8.63935
8.64027
8.69281
8.72571
8.72571
8.759
8.76244
8.76244
8.77139
8.82266
8.8227
8.83555
8.83559
8.84287
8.84297
8.93866
8.97665
9.00324
9.0034
9.01216
9.01237
9.17073
9.17073
9.20269
9.20269
9.31033
9.31034
9.37901
9.40202
9.40202
9.45064
9.45067
9.46152
9.4616
9.55669
9.56579
9.56582
9.61517
9.61518
9.72484
9.769
9.76909
9.87786
9.91551
9.91552
9.96378
10.0858
10.1087
10.1088
10.1306
10.1307
10.1671
10.1672
10.1806
10.1872
10.2574
10.3325
10.3325
10.3835
10.5223
10.5225
10.5305
10.5453
10.597
10.6826
10.6859
10.6861
10.6919
10.7024
10.8229
10.823
10.8388
10.8573
10.8638
10.9735
11.0193
11.0797
11.1784
11.2617
11.2987
11.3144
11.3497
11.3972
11.415
11.4579
11.4701
11.4701
11.5655
11.5868
11.712
11.7163
11.832
11.872
11.8808
11.9602
11.9632
12.0218
12.0342
12.1704
12.193
12.3276
12.4549
12.6067
12.6176
12.6623
12.7224
12.9056
13.0612
13.2076
13.3259
13.9608
