-12.3815
-12.0826
-11.4914
-11.1925
-10.9201
-10.6212
-10.3815
-10.0826
-10.03
-9.88753
-9.73112
-9.58862
-9.49141
-9.44928
-9.19249
-9.15037
-9.07653
-8.99745
-8.92013
-8.77857
-8.77666
-8.69853
-8.6212
-8.5593
-8.55911
-8.47868
-8.42625
-8.42609
-8.26043
-8.26012
-8.18645
-8.1273
-8.12718
-8.03004
-7.98792
-7.8876
-7.88753
-7.88746
-7.73112
-7.689
-7.66912
-7.61519
-7.58861
-7.58859
-7.53614
-7.53602
-7.44928
-7.3702
-7.31629
-7.3162
-7.23721
-7.23712
-7.15036
-7.09784
-7.09783
-7.07654
-7.01732
-6.99745
-6.9648
-6.95533
-6.79904
-6.79881
-6.7777
-6.77751
-6.72508
-6.69853
-6.66589
-6.6564
-6.58258
-6.55926
-6.55913
-6.47869
-6.42683
-6.42622
-6.42612
-6.42551
-6.28372
-6.28361
-6.26041
-6.26013
-6.20776
-6.18645
-6.14433
-6.12732
-6.12725
-6.12718
-6.07472
-6.06529
-6.06518
-5.98792
-5.98473
-5.93221
-5.90883
-5.88761
-5.88745
-5.84543
-5.84539
-5.7758
-5.76645
-5.76619
-5.69261
-5.68888
-5.66912
-5.63338
-5.6269
-5.61517
-5.58861
-5.54649
-5.53611
-5.53606
-5.49401
-5.49391
-5.47266
-5.39369
-5.39346
-5.37019
-5.32807
-5.31666
-5.31583
-5.25429
-5.25421
-5.23723
-5.23709
-5.19505
-5.19501
-5.17516
-5.17374
-5.12126
-5.12117
-5.09802
-5.09769
-5.09461
-5.04213
-5.01733
-4.96481
-4.95542
-4.95536
-4.95533
-4.95529
-4.95523
-4.87623
-4.82241
-4.82234
-4.82223
-4.82216
-4.79895
-4.79888
-4.7432
-4.73691
-4.72509
-4.68297
-4.66588
-4.65645
-4.6564
-4.65636
-4.60404
-4.60395
-4.6038
-4.60371
-4.58258
-4.58257
-4.52339
-4.52335
-4.47085
-4.43798
-4.42645
-4.42588
-4.38414
-4.38395
-4.36416
-4.30506
-4.30502
-4.30489
-4.30485
-4.28413
-4.28366
-4.28317
-4.23115
-4.23111
-4.20775
-4.17192
-4.16563
-4.14433
-4.12724
-4.08512
-4.07472
-4.06542
-4.06528
-4.0652
-4.06506
-4.03259
-4.0113
-3.98473
-3.93245
-3.93225
-3.93221
-3.93217
-3.93197
-3.90883
-3.8667
-3.84548
-3.84533
-3.79297
-3.79279
-3.77581
-3.76634
-3.76632
-3.7663
-3.73367
-3.71383
-3.71378
-3.71235
-3.69249
-3.65985
-3.65037
-3.63333
-3.63329
-3.63324
-3.62699
-3.58076
-3.54649
-3.49432
-3.4942
-3.49403
-3.49389
-3.49372
-3.4936
-3.47266
-3.41493
-3.41481
-3.39386
-3.39329
-3.36099
-3.36087
-3.35199
-3.35091
-3.32807
-3.28186
-3.27552
-3.25436
-3.25413
-3.1951
-3.19509
-3.19499
-3.19498
-3.17516
-3.17374
-3.14264
-3.14238
-3.13303
-3.12128
-3.12121
-3.12115
-3.09465
-3.062
-3.05253
-3.04212
-3.00001
-2.9787
-2.97662
-2.95555
-2.95542
-2.95522
-2.95509
-2.9028
-2.87624
-2.84365
-2.84353
-2.83411
-2.82268
-2.82236
-2.82229
-2.82222
-2.82191
-2.76976
-2.76038
-2.76019
-2.7432
-2.73691
-2.70108
-2.68296
-2.67978
-2.65646
-2.65635
-2.62725
-2.60407
-2.60401
-2.60396
-2.60379
-2.60374
-2.60368
-2.58258
-2.54045
-2.52342
-2.52331
-2.47095
-2.47084
-2.47073
-2.46155
-2.46145
-2.46128
-2.46117
-2.43799
-2.38432
-2.38376
-2.36416
-2.3284
-2.32827
-2.32204
-2.30519
-2.30513
-2.30496
-2.30478
-2.30472
-2.28366
-2.25243
-2.24295
-2.24153
-2.23117
-2.23108
-2.18907
-2.18895
-2.17193
-2.17192
-2.16562
-2.16253
-2.16234
-2.11006
-2.10977
-2.08862
-2.08512
-2.0654
-2.06509
-2.0326
-2.02941
-2.02325
-2.02298
-2.0113
-1.95351
-1.94403
-1.93243
-1.93235
-1.93206
-1.93198
-1.89033
-1.89013
-1.89004
-1.88984
-1.8702
-1.86671
-1.81103
-1.81097
-1.79295
-1.79281
-1.7897
-1.76632
-1.73717
-1.73367
-1.7242
-1.71385
-1.71373
-1.71237
-1.67169
-1.67165
-1.65985
-1.65038
-1.65037
-1.65035
-1.63331
-1.63326
-1.5912
-1.59113
-1.58076
-1.5714
-1.57115
-1.53864
-1.51735
-1.51732
-1.49425
-1.49412
-1.4938
-1.49368
-1.43836
-1.43813
-1.43195
-1.41487
-1.41487
-1.3728
-1.37271
-1.36117
-1.36068
-1.35174
-1.35162
-1.35127
-1.35115
-1.29899
-1.29898
-1.29886
-1.29885
-1.28184
-1.27554
-1.27236
-1.23972
-1.21984
-1.21845
-1.21838
-1.1952
-1.19488
-1.16589
-1.14256
-1.14246
-1.13933
-1.13309
-1.13303
-1.13297
-1.12121
-1.07909
-1.06201
-1.05253
-1.00085
-1.00071
-1.0003
-1.0001
-1
-0.999895
-0.999703
-0.999287
-0.999152
-0.978701
-0.976623
-0.920911
-0.902798
-0.867162
-0.866772
-0.860671
-0.843756
-0.843426
-0.834113
-0.834111
-0.822292
-0.781629
-0.78154
-0.780175
-0.769764
-0.760355
-0.760278
-0.760217
-0.727639
-0.701227
-0.701124
-0.701078
-0.701033
-0.70093
-0.67978
-0.648636
-0.648472
-0.627288
-0.627254
-0.62722
-0.603986
-0.603763
-0.568048
-0.561878
-0.561621
-0.540451
-0.482732
-0.482595
-0.470992
-0.470696
-0.461674
-0.46152
-0.461363
-0.461208
-0.461065
-0.428835
-0.428596
-0.408873
-0.4088
-0.349788
-0.349475
-0.328587
-0.328354
-0.32831
-0.328077
-0.322036
-0.304959
-0.2758
-0.26283
-0.252429
-0.242948
-0.241533
-0.210306
-0.189157
-0.18905
-0.188959
-0.188849
-0.171922
-0.162611
-0.162277
-0.129799
-0.11008
-0.109961
-0.109924
-0.109908
-0.109871
-0.109752
-0.088617
-0.0559748
-0.0464959
-0.0294121
-0.0232896
-0.0229359
0.0230144
0.0232164
0.0294113
0.0464938
0.0559716
0.0886172
0.109733
0.109822
0.109859
0.109975
0.11001
0.110098
0.129798
0.162427
0.162447
0.171925
0.188807
0.188922
0.1891
0.189202
0.210303
0.241533
0.242948
0.252429
0.262831
0.275805
0.304954
0.322036
0.328279
0.328296
0.328369
0.328386
0.349579
0.349686
0.408817
0.408856
0.428603
0.428833
0.461229
0.461262
0.461367
0.461467
0.4615
0.470658
0.471015
0.482619
0.482722
0.540451
0.561633
0.561871
0.568047
0.603714
0.60404
0.627207
0.627252
0.627297
0.648464
0.64864
0.67978
0.700873
0.701015
0.70108
0.70114
0.701284
0.727639
0.760192
0.760284
0.760382
0.769764
0.780162
0.781568
0.781604
0.822291
0.834111
0.834113
0.843533
0.843652
0.860672
0.866873
0.867064
0.902796
0.920911
0.976623
0.978698
0.999492
0.99982
0.999835
0.999888
1
1.00011
1.00017
1.00018
1.00051
1.05253
1.06201
1.07909
1.12121
1.1329
1.13303
1.13317
1.13932
1.14246
1.14258
1.16589
1.19499
1.19509
1.21839
1.21844
1.21983
1.23971
1.27236
1.27551
1.28187
1.29879
1.29887
1.29897
1.29905
1.35105
1.35126
1.35164
1.35184
1.36084
1.36102
1.37273
1.37277
1.41484
1.4149
1.43195
1.43816
1.43834
1.4938
1.49384
1.49408
1.49412
1.51729
1.51738
1.53864
1.57117
1.57139
1.58076
1.59114
1.59118
1.63325
1.63332
1.65027
1.65037
1.65046
1.65985
1.67165
1.67169
1.71237
1.71378
1.71381
1.7242
1.73366
1.73719
1.76632
1.7897
1.79277
1.79299
1.81084
1.81115
1.86671
1.8702
1.8897
1.88999
1.89017
1.89047
1.9321
1.93216
1.93226
1.93232
1.94403
1.95351
2.0113
2.02272
2.02351
2.02941
2.0326
2.06513
2.06534
2.08508
2.08866
2.10978
2.11006
2.16228
2.1626
2.16563
2.17192
2.17193
2.18896
2.18905
2.23111
2.23115
2.24153
2.24295
2.25243
2.28366
2.30482
2.30494
2.30496
2.30497
2.30508
2.32204
2.32803
2.32864
2.36416
2.384
2.38409
2.43798
2.461
2.46126
2.46147
2.46173
2.47078
2.47085
2.47091
2.52336
2.52339
2.54045
2.58258
2.6037
2.60385
2.60387
2.60389
2.6039
2.60405
2.62725
2.65627
2.65654
2.67978
2.68296
2.70108
2.73691
2.7432
2.76022
2.76035
2.76976
2.82202
2.82219
2.82229
2.82239
2.82256
2.83412
2.84344
2.84375
2.87624
2.9028
2.95502
2.95521
2.95544
2.95563
2.97662
2.9787
3
3.04212
3.05253
3.06201
3.09465
3.12114
3.12121
3.12129
3.13303
3.14235
3.14267
3.17374
3.17516
3.19487
3.19503
3.19506
3.19521
3.25418
3.25431
3.27554
3.28184
3.32807
3.35115
3.35174
3.3606
3.36126
3.39351
3.39363
3.41484
3.4149
3.47266
3.49356
3.49381
3.49395
3.49397
3.49411
3.49436
3.54649
3.58076
3.62698
3.63326
3.63329
3.63332
3.65037
3.65985
3.69249
3.71237
3.71376
3.71382
3.73368
3.76624
3.76632
3.76639
3.7758
3.79281
3.79295
3.84518
3.84564
3.86671
3.90883
3.93182
3.93209
3.93221
3.93233
3.9326
3.98474
4.01129
4.03259
4.06485
4.0652
4.06528
4.06563
4.07472
4.08512
4.12725
4.14433
4.16563
4.17192
4.20775
4.23109
4.23117
4.28344
4.28365
4.28387
4.30485
4.30494
4.30497
4.30506
4.36416
4.38376
4.38433
4.42588
4.42645
4.43799
4.47084
4.52334
4.5234
4.58257
4.58258
4.60368
4.60383
4.60392
4.60408
4.65629
4.6564
4.65651
4.66588
4.68297
4.72509
4.7369
4.74321
4.79884
4.79899
4.82207
4.82211
4.82248
4.82251
4.87624
4.95493
4.95519
4.95532
4.95546
4.95572
4.96481
5.01733
5.04213
5.09465
5.09778
5.09789
5.1212
5.12122
5.17374
5.17516
5.19501
5.19507
5.23702
5.23731
5.25404
5.25445
5.31602
5.31648
5.32807
5.3702
5.3933
5.39384
5.47266
5.4939
5.49402
5.53607
5.5361
5.54649
5.58861
5.61517
5.62699
5.63329
5.66912
5.689
5.69249
5.76623
5.7664
5.7758
5.84499
5.84582
5.88728
5.88779
5.90883
5.93221
5.98474
5.98792
6.06509
6.06539
6.07472
6.12722
6.12725
6.12727
6.14433
6.18645
6.20775
6.26022
6.26034
6.28357
6.28374
6.42582
6.42602
6.42632
6.42651
6.47869
6.55908
6.55931
6.58258
6.6564
6.66588
6.69853
6.72509
6.7773
6.77793
6.79884
6.79899
6.95532
6.9648
6.99745
7.01733
7.07654
7.09769
7.09798
7.15036
7.23712
7.2372
7.31614
7.31636
7.37019
7.44928
7.53604
7.53612
7.58861
7.58861
7.61517
7.66912
7.689
7.73112
7.88721
7.88753
7.88785
7.98792
8.03004
8.12723
8.12726
8.18645
8.26007
8.26049
8.42616
8.42617
8.47869
8.55912
8.55928
8.62121
8.69853
8.77729
8.77794
8.92013
8.99745
9.07654
9.15036
9.19249
9.44928
9.49141
9.58861
9.73112
9.88753
10.03
10.0826
10.3815
10.6212
10.9201
11.1925
11.4914
12.0826
12.3815
