-13.6536
-13.3807
-12.8398
-12.5668
-12.3141
-12.0412
-11.8134
-11.5404
-11.5003
-11.3469
-11.2273
-11.074
-10.9996
-10.9234
-10.7266
-10.6505
-10.5508
-10.5331
-10.4739
-10.2778
-10.2601
-10.236
-10.2009
-10.1096
-10.0074
-9.9848
-9.963
-9.83664
-9.80197
-9.73697
-9.73443
-9.71183
-9.6909
-9.66004
-9.58391
-9.529
-9.50666
-9.464
-9.42214
-9.41793
-9.38707
-9.31094
-9.23369
-9.21128
-9.19358
-9.17097
-9.14917
-9.08317
-8.98815
-8.93831
-8.92061
-8.898
-8.89645
-8.87708
-8.8102
-8.77009
-8.71518
-8.71054
-8.69284
-8.64528
-8.62348
-8.61671
-8.60411
-8.49712
-8.46246
-8.43757
-8.41987
-8.39746
-8.39571
-8.37231
-8.35138
-8.34374
-8.26935
-8.24408
-8.18949
-8.16714
-8.14454
-8.12449
-8.12274
-8.08262
-8.07841
-7.99638
-7.97111
-7.96171
-7.92924
-7.89671
-7.89417
-7.87157
-7.85064
-7.83146
-7.82059
-7.80965
-7.80289
-7.74365
-7.68874
-7.67808
-7.65627
-7.64863
-7.62374
-7.58188
-7.57767
-7.55849
-7.54762
-7.53756
-7.52992
-7.50575
-7.49525
-7.47068
-7.43025
-7.40511
-7.38418
-7.37566
-7.37102
-7.35332
-7.33071
-7.30891
-7.27719
-7.26459
-7.25459
-7.23278
-7.22228
-7.15728
-7.14789
-7.13312
-7.11542
-7.11121
-7.09805
-7.08035
-7.07176
-7.05774
-7.05619
-7.03682
-7.00676
-7.00422
-6.98162
-6.96069
-6.92983
-6.90456
-6.88195
-6.87492
-6.86425
-6.86015
-6.84245
-6.80502
-6.79879
-6.78322
-6.77645
-6.76385
-6.73379
-6.69913
-6.69193
-6.68772
-6.68143
-6.65686
-6.63159
-6.6222
-6.60898
-6.59128
-6.58973
-6.58805
-6.57035
-6.56712
-6.5572
-6.53205
-6.51112
-6.50348
-6.48107
-6.46337
-6.44076
-6.42616
-6.41896
-6.40846
-6.40382
-6.3843
-6.34923
-6.33856
-6.3193
-6.31676
-6.31508
-6.29738
-6.29415
-6.28423
-6.27322
-6.25794
-6.24236
-6.23815
-6.2081
-6.1904
-6.16779
-6.16623
-6.15573
-6.14686
-6.13313
-6.13085
-6.11133
-6.09073
-6.08898
-6.06813
-6.06559
-6.04633
-6.04466
-6.02205
-6.00025
-5.9912
-5.98497
-5.98033
-5.96939
-5.96263
-5.91507
-5.89327
-5.88531
-5.88276
-5.87389
-5.86016
-5.83923
-5.83782
-5.81776
-5.81601
-5.80837
-5.79516
-5.7936
-5.7759
-5.77423
-5.77169
-5.7533
-5.74908
-5.73224
-5.71823
-5.70736
-5.6973
-5.68966
-5.66724
-5.66549
-5.65499
-5.6421
-5.62117
-5.61234
-5.58999
-5.57047
-5.56626
-5.56485
-5.54392
-5.54243
-5.5354
-5.52473
-5.52063
-5.51386
-5.50293
-5.50126
-5.48033
-5.4594
-5.45927
-5.43693
-5.42433
-5.41433
-5.39427
-5.39252
-5.38202
-5.35961
-5.35241
-5.3482
-5.34191
-5.31931
-5.31702
-5.2975
-5.29286
-5.27516
-5.27095
-5.26947
-5.25176
-5.24854
-5.24089
-5.2315
-5.23084
-5.2276
-5.20823
-5.19903
-5.18643
-5.1665
-5.16396
-5.14136
-5.12043
-5.10124
-5.08664
-5.07944
-5.06894
-5.0643
-5.04634
-5.04478
-5.04169
-5.02541
-5.02399
-5.01989
-5.00219
-4.97978
-4.97557
-4.95853
-4.95787
-4.95463
-4.94786
-4.93526
-4.9337
-4.92606
-4.91842
-4.89353
-4.85887
-4.85167
-4.84746
-4.84117
-4.82827
-4.8264
-4.80734
-4.79361
-4.79133
-4.77181
-4.76872
-4.76504
-4.75244
-4.75102
-4.74947
-4.74779
-4.73009
-4.72861
-4.72686
-4.70681
-4.70004
-4.68254
-4.67489
-4.66073
-4.65397
-4.64545
-4.64081
-4.62311
-4.6005
-4.5859
-4.5787
-4.57523
-4.5682
-4.55343
-4.54579
-4.54404
-4.53438
-4.52064
-4.49971
-4.4983
-4.49207
-4.47904
-4.4765
-4.47482
-4.45712
-4.45564
-4.45389
-4.43471
-4.43296
-4.42707
-4.41768
-4.41378
-4.40957
-4.40291
-4.39241
-4.38521
-4.381
-4.36784
-4.35014
-4.32753
-4.32597
-4.31547
-4.3066
-4.30226
-4.29287
-4.28133
-4.27282
-4.27107
-4.2604
-4.25047
-4.23095
-4.22787
-4.22674
-4.22533
-4.20607
-4.2044
-4.18179
-4.17435
-4.16174
-4.15999
-4.15174
-4.14471
-4.14081
-4.13404
-4.12994
-4.11988
-4.11944
-4.11224
-4.07758
-4.07481
-4.05301
-4.04505
-4.0425
-4.03363
-4.0199
-4.01258
-4.00836
-3.99897
-3.98743
-3.97979
-3.9775
-3.96892
-3.9665
-3.95798
-3.9549
-3.95334
-3.95122
-3.93564
-3.93397
-3.93143
-3.91304
-3.90882
-3.90138
-3.89198
-3.87877
-3.86871
-3.86107
-3.85951
-3.85784
-3.84691
-3.84014
-3.83691
-3.82698
-3.82641
-3.80461
-3.80184
-3.78091
-3.77208
-3.76141
-3.73961
-3.73021
-3.726
-3.71533
-3.70682
-3.70217
-3.69595
-3.69353
-3.68589
-3.68447
-3.68037
-3.67825
-3.6736
-3.66267
-3.661
-3.65408
-3.64007
-3.61914
-3.61901
-3.60835
-3.59574
-3.58908
-3.58654
-3.58487
-3.57858
-3.56717
-3.56394
-3.55401
-3.55344
-3.54301
-3.53251
-3.51935
-3.51215
-3.50794
-3.50165
-3.48844
-3.48688
-3.47904
-3.46751
-3.46428
-3.45724
-3.44658
-3.44236
-3.4292
-3.42552
-3.41292
-3.4115
-3.40828
-3.40292
-3.40063
-3.39058
-3.38734
-3.38111
-3.36797
-3.36052
-3.35877
-3.34617
-3.33792
-3.33538
-3.31611
-3.31445
-3.30561
-3.29184
-3.28145
-3.27004
-3.26375
-3.26098
-3.25954
-3.24638
-3.23918
-3.23571
-3.22868
-3.21391
-3.20608
-3.20452
-3.19454
-3.19131
-3.18515
-3.17361
-3.17038
-3.15509
-3.15268
-3.15255
-3.13952
-3.13531
-3.12995
-3.11761
-3.11437
-3.10902
-3.1076
-3.095
-3.09344
-3.08755
-3.0858
-3.07816
-3.06495
-3.06339
-3.05289
-3.04569
-3.04402
-3.04148
-3.03028
-3.02308
-3.01887
-3.01258
-3.00848
-2.99078
-2.98801
-2.98614
-2.96708
-2.96274
-2.95335
-2.94181
-2.93155
-2.92478
-2.92088
-2.91921
-2.91218
-2.90151
-2.89741
-2.88835
-2.88212
-2.87971
-2.86655
-2.85978
-2.84228
-2.84026
-2.83605
-2.83463
-2.82047
-2.81371
-2.81222
-2.80519
-2.79452
-2.79042
-2.77992
-2.77272
-2.77105
-2.75731
-2.75011
-2.73961
-2.73806
-2.73639
-2.73497
-2.72919
-2.71869
-2.71545
-2.71317
-2.70553
-2.69411
-2.68038
-2.67306
-2.66885
-2.65945
-2.65181
-2.65045
-2.64791
-2.64624
-2.6294
-2.62854
-2.62698
-2.61538
-2.6117
-2.60438
-2.59445
-2.58909
-2.58681
-2.57352
-2.56931
-2.56729
-2.56265
-2.55215
-2.54495
-2.54074
-2.53925
-2.52155
-2.51832
-2.50062
-2.49739
-2.48689
-2.47802
-2.46763
-2.46509
-2.46342
-2.462
-2.45622
-2.44572
-2.44248
-2.44107
-2.43256
-2.42189
-2.42155
-2.42014
-2.40009
-2.39069
-2.38648
-2.37748
-2.37581
-2.35655
-2.35643
-2.35401
-2.33873
-2.33409
-2.33141
-2.32148
-2.31612
-2.31457
-2.31148
-2.30055
-2.29519
-2.29378
-2.28968
-2.27962
-2.27918
-2.27198
-2.24957
-2.24535
-2.23907
-2.23732
-2.22765
-2.22442
-2.21646
-2.21392
-2.20505
-2.20349
-2.19466
-2.19299
-2.17232
-2.17039
-2.1681
-2.14892
-2.14858
-2.14717
-2.13953
-2.12866
-2.12799
-2.12624
-2.12476
-2.11772
-2.11096
-2.10706
-2.10539
-2.10285
-2.09619
-2.08358
-2.0634
-2.06112
-2.0416
-2.03851
-2.02845
-2.02222
-2.02081
-2.01925
-2.01758
-2.00665
-1.99988
-1.9984
-1.99665
-1.98615
-1.9766
-1.9661
-1.96435
-1.95232
-1.94349
-1.94193
-1.93052
-1.92423
-1.92256
-1.92115
-1.92002
-1.90163
-1.89935
-1.89742
-1.87507
-1.86656
-1.85569
-1.85502
-1.85327
-1.85179
-1.84563
-1.84502
-1.83799
-1.83409
-1.83242
-1.83086
-1.82322
-1.81557
-1.81382
-1.81316
-1.79055
-1.79043
-1.7695
-1.76809
-1.75548
-1.74882
-1.74628
-1.74461
-1.73832
-1.72691
-1.72543
-1.72368
-1.71318
-1.7045
-1.70275
-1.69225
-1.69077
-1.68357
-1.67935
-1.67307
-1.66896
-1.6622
-1.65126
-1.64959
-1.64818
-1.64662
-1.62866
-1.62725
-1.62402
-1.60773
-1.60632
-1.6021
-1.58526
-1.57969
-1.57266
-1.57205
-1.56266
-1.56199
-1.55789
-1.55112
-1.5426
-1.54085
-1.54019
-1.53019
-1.52026
-1.51758
-1.50074
-1.49766
-1.49653
-1.49512
-1.47585
-1.47419
-1.46535
-1.45158
-1.44119
-1.43153
-1.42978
-1.42349
-1.41928
-1.4178
-1.4106
-1.4001
-1.39687
-1.39545
-1.38967
-1.38923
-1.37917
-1.37593
-1.37365
-1.35656
-1.35428
-1.35105
-1.34736
-1.33476
-1.33335
-1.33012
-1.31483
-1.31242
-1.31229
-1.31093
-1.30672
-1.28969
-1.28902
-1.28236
-1.27815
-1.26876
-1.26486
-1.25722
-1.24957
-1.24729
-1.23629
-1.22777
-1.22469
-1.22313
-1.21263
-1.20543
-1.20376
-1.20122
-1.19002
-1.18282
-1.17861
-1.17232
-1.16822
-1.15755
-1.15052
-1.1385
-1.12811
-1.1239
-1.12248
-1.1167
-1.1062
-1.10296
-1.10155
-1.0962
-1.08359
-1.08203
-1.08062
-1.07895
-1.07439
-1.06125
-1.05715
-1.04186
-1.03945
-1.03796
-1.0312
-1.01703
-1.00939
-1
-0.995788
-0.991889
-0.985121
-0.976604
-0.97473
-0.971962
-0.963319
-0.955676
-0.954262
-0.95016
-0.93966
-0.93246
-0.930788
-0.917054
-0.909854
-0.899354
-0.897797
-0.896125
-0.888925
-0.884585
-0.878425
-0.876942
-0.875191
-0.86553
-0.863656
-0.855139
-0.848371
-0.832797
-0.830867
-0.828585
-0.823226
-0.810191
-0.809065
-0.807651
-0.80598
-0.802297
-0.789138
-0.788279
-0.786722
-0.771438
-0.765867
-0.764117
-0.758226
-0.756668
-0.748832
-0.744065
-0.737297
-0.734063
-0.72703
-0.723563
-0.716363
-0.712151
-0.701761
-0.698992
-0.682706
-0.681292
-0.678063
-0.660363
-0.65713
-0.646629
-0.637758
-0.627367
-0.624827
-0.623156
-0.615956
-0.612488
-0.605455
-0.603972
-0.602222
-0.590686
-0.583043
-0.581629
-0.581293
-0.575402
-0.562109
-0.559827
-0.557897
-0.551239
-0.537222
-0.535555
-0.533539
-0.529327
-0.516293
-0.516168
-0.513753
-0.505501
-0.498468
-0.492897
-0.491147
-0.483699
-0.475863
-0.474306
-0.464327
-0.461093
-0.454934
-0.451034
-0.450593
-0.443393
-0.440164
-0.429664
-0.422464
-0.409306
-0.40873
-0.405094
-0.398805
-0.387394
-0.38416
-0.3762
-0.37366
-0.364788
-0.363231
-0.354398
-0.352731
-0.34373
-0.339518
-0.330125
-0.322677
-0.310073
-0.30866
-0.308323
-0.300071
-0.297656
-0.289139
-0.287731
-0.284497
-0.282371
-0.278269
-0.26821
-0.266797
-0.265125
-0.262585
-0.260569
-0.255927
-0.243323
-0.232531
-0.223138
-0.211602
-0.201336
-0.190668
-0.188997
-0.181964
-0.178065
-0.171297
-0.167195
-0.160906
-0.158138
-0.156695
-0.149495
-0.136336
-0.135761
-0.125836
-0.114832
-0.112063
-0.10323
-0.101673
-0.0902613
-0.0839728
-0.0823012
-0.0797611
-0.0707606
-0.0613674
-0.0571556
-0.0498316
-0.0497073
-0.0271018
-0.024686
-0.0170429
-0.014761
-0.0115273
-0.00940161
-0.00784447
-0.00617288
-0.00475917
0.00475917
0.00617288
0.00784447
0.00940161
0.0115273
0.014761
0.0170429
0.024686
0.0271018
0.0497073
0.0498316
0.0571556
0.0613674
0.0707606
0.0797611
0.0823012
0.0839728
0.0902613
0.101673
0.10323
0.112063
0.114832
0.125836
0.135761
0.136336
0.149495
0.156695
0.158138
0.160906
0.167195
0.171297
0.178065
0.181964
0.188997
0.190668
0.201336
0.211602
0.223138
0.232531
0.243323
0.255927
0.260569
0.262585
0.265125
0.266797
0.26821
0.278269
0.282371
0.284497
0.287731
0.289139
0.297656
0.300071
0.308323
0.30866
0.310073
0.322677
0.330125
0.339518
0.34373
0.352731
0.354398
0.363231
0.364788
0.37366
0.3762
0.38416
0.387394
0.398805
0.405094
0.40873
0.409306
0.422464
0.429664
0.440164
0.443393
0.450593
0.451034
0.454934
0.461093
0.464327
0.474306
0.475863
0.483699
0.491147
0.492897
0.498468
0.505501
0.513753
0.516168
0.516293
0.529327
0.533539
0.535555
0.537222
0.551239
0.557897
0.559827
0.562109
0.575402
0.581293
0.581629
0.583043
0.590686
0.602222
0.603972
0.605455
0.612488
0.615956
0.623156
0.624827
0.627367
0.637758
0.646629
0.65713
0.660363
0.678063
0.681292
0.682706
0.698992
0.701761
0.712151
0.716363
0.723563
0.72703
0.734063
0.737297
0.744065
0.748832
0.756668
0.758226
0.764117
0.765867
0.771438
0.786722
0.788279
0.789138
0.802297
0.80598
0.807651
0.809065
0.810191
0.823226
0.828585
0.830867
0.832797
0.848371
0.855139
0.863656
0.86553
0.875191
0.876942
0.878425
0.884585
0.888925
0.896125
0.897797
0.899354
0.909854
0.917054
0.930788
0.93246
0.93966
0.95016
0.954262
0.955676
0.963319
0.971962
0.97473
0.976604
0.985121
0.991889
0.995788
1
1.00939
1.01703
1.0312
1.03796
1.03945
1.04186
1.05715
1.06125
1.07439
1.07895
1.08062
1.08203
1.08359
1.0962
1.10155
1.10296
1.1062
1.1167
1.12248
1.1239
1.12811
1.1385
1.15052
1.15755
1.16822
1.17232
1.17861
1.18282
1.19002
1.20122
1.20376
1.20543
1.21263
1.22313
1.22469
1.22777
1.23629
1.24729
1.24957
1.25722
1.26486
1.26876
1.27815
1.28236
1.28902
1.28969
1.30672
1.31093
1.31229
1.31242
1.31483
1.33012
1.33335
1.33476
1.34736
1.35105
1.35428
1.35656
1.37365
1.37593
1.37917
1.38923
1.38967
1.39545
1.39687
1.4001
1.4106
1.4178
1.41928
1.42349
1.42978
1.43153
1.44119
1.45158
1.46535
1.47419
1.47585
1.49512
1.49653
1.49766
1.50074
1.51758
1.52026
1.53019
1.54019
1.54085
1.5426
1.55112
1.55789
1.56199
1.56266
1.57205
1.57266
1.57969
1.58526
1.6021
1.60632
1.60773
1.62402
1.62725
1.62866
1.64662
1.64818
1.64959
1.65126
1.6622
1.66896
1.67307
1.67935
1.68357
1.69077
1.69225
1.70275
1.7045
1.71318
1.72368
1.72543
1.72691
1.73832
1.74461
1.74628
1.74882
1.75548
1.76809
1.7695
1.79043
1.79055
1.81316
1.81382
1.81557
1.82322
1.83086
1.83242
1.83409
1.83799
1.84502
1.84563
1.85179
1.85327
1.85502
1.85569
1.86656
1.87507
1.89742
1.89935
1.90163
1.92002
1.92115
1.92256
1.92423
1.93052
1.94193
1.94349
1.95232
1.96435
1.9661
1.9766
1.98615
1.99665
1.9984
1.99988
2.00665
2.01758
2.01925
2.02081
2.02222
2.02845
2.03851
2.0416
2.06112
2.0634
2.08358
2.09619
2.10285
2.10539
2.10706
2.11096
2.11772
2.12476
2.12624
2.12799
2.12866
2.13953
2.14717
2.14858
2.14892
2.1681
2.17039
2.17232
2.19299
2.19466
2.20349
2.20505
2.21392
2.21646
2.22442
2.22765
2.23732
2.23907
2.24535
2.24957
2.27198
2.27918
2.27962
2.28968
2.29378
2.29519
2.30055
2.31148
2.31457
2.31612
2.32148
2.33141
2.33409
2.33873
2.35401
2.35643
2.35655
2.37581
2.37748
2.38648
2.39069
2.40009
2.42014
2.42155
2.42189
2.43256
2.44107
2.44248
2.44572
2.45622
2.462
2.46342
2.46509
2.46763
2.47802
2.48689
2.49739
2.50062
2.51832
2.52155
2.53925
2.54074
2.54495
2.55215
2.56265
2.56729
2.56931
2.57352
2.58681
2.58909
2.59445
2.60438
2.6117
2.61538
2.62698
2.62854
2.6294
2.64624
2.64791
2.65045
2.65181
2.65945
2.66885
2.67306
2.68038
2.69411
2.70553
2.71317
2.71545
2.71869
2.72919
2.73497
2.73639
2.73806
2.73961
2.75011
2.75731
2.77105
2.77272
2.77992
2.79042
2.79452
2.80519
2.81222
2.81371
2.82047
2.83463
2.83605
2.84026
2.84228
2.85978
2.86655
2.87971
2.88212
2.88835
2.89741
2.90151
2.91218
2.91921
2.92088
2.92478
2.93155
2.94181
2.95335
2.96274
2.96708
2.98614
2.98801
2.99078
3.00848
3.01258
3.01887
3.02308
3.03028
3.04148
3.04402
3.04569
3.05289
3.06339
3.06495
3.07816
3.0858
3.08755
3.09344
3.095
3.1076
3.10902
3.11437
3.11761
3.12995
3.13531
3.13952
3.15255
3.15268
3.15509
3.17038
3.17361
3.18515
3.19131
3.19454
3.20452
3.20608
3.21391
3.22868
3.23571
3.23918
3.24638
3.25954
3.26098
3.26375
3.27004
3.28145
3.29184
3.30561
3.31445
3.31611
3.33538
3.33792
3.34617
3.35877
3.36052
3.36797
3.38111
3.38734
3.39058
3.40063
3.40292
3.40828
3.4115
3.41292
3.42552
3.4292
3.44236
3.44658
3.45724
3.46428
3.46751
3.47904
3.48688
3.48844
3.50165
3.50794
3.51215
3.51935
3.53251
3.54301
3.55344
3.55401
3.56394
3.56717
3.57858
3.58487
3.58654
3.58908
3.59574
3.60835
3.61901
3.61914
3.64007
3.65408
3.661
3.66267
3.6736
3.67825
3.68037
3.68447
3.68589
3.69353
3.69595
3.70217
3.70682
3.71533
3.726
3.73021
3.73961
3.76141
3.77208
3.78091
3.80184
3.80461
3.82641
3.82698
3.83691
3.84014
3.84691
3.85784
3.85951
3.86107
3.86871
3.87877
3.89198
3.90138
3.90882
3.91304
3.93143
3.93397
3.93564
3.95122
3.95334
3.9549
3.95798
3.9665
3.96892
3.9775
3.97979
3.98743
3.99897
4.00836
4.01258
4.0199
4.03363
4.0425
4.04505
4.05301
4.07481
4.07758
4.11224
4.11944
4.11988
4.12994
4.13404
4.14081
4.14471
4.15174
4.15999
4.16174
4.17435
4.18179
4.2044
4.20607
4.22533
4.22674
4.22787
4.23095
4.25047
4.2604
4.27107
4.27282
4.28133
4.29287
4.30226
4.3066
4.31547
4.32597
4.32753
4.35014
4.36784
4.381
4.38521
4.39241
4.40291
4.40957
4.41378
4.41768
4.42707
4.43296
4.43471
4.45389
4.45564
4.45712
4.47482
4.4765
4.47904
4.49207
4.4983
4.49971
4.52064
4.53438
4.54404
4.54579
4.55343
4.5682
4.57523
4.5787
4.5859
4.6005
4.62311
4.64081
4.64545
4.65397
4.66073
4.67489
4.68254
4.70004
4.70681
4.72686
4.72861
4.73009
4.74779
4.74947
4.75102
4.75244
4.76504
4.76872
4.77181
4.79133
4.79361
4.80734
4.8264
4.82827
4.84117
4.84746
4.85167
4.85887
4.89353
4.91842
4.92606
4.9337
4.93526
4.94786
4.95463
4.95787
4.95853
4.97557
4.97978
5.00219
5.01989
5.02399
5.02541
5.04169
5.04478
5.04634
5.0643
5.06894
5.07944
5.08664
5.10124
5.12043
5.14136
5.16396
5.1665
5.18643
5.19903
5.20823
5.2276
5.23084
5.2315
5.24089
5.24854
5.25176
5.26947
5.27095
5.27516
5.29286
5.2975
5.31702
5.31931
5.34191
5.3482
5.35241
5.35961
5.38202
5.39252
5.39427
5.41433
5.42433
5.43693
5.45927
5.4594
5.48033
5.50126
5.50293
5.51386
5.52063
5.52473
5.5354
5.54243
5.54392
5.56485
5.56626
5.57047
5.58999
5.61234
5.62117
5.6421
5.65499
5.66549
5.66724
5.68966
5.6973
5.70736
5.71823
5.73224
5.74908
5.7533
5.77169
5.77423
5.7759
5.7936
5.79516
5.80837
5.81601
5.81776
5.83782
5.83923
5.86016
5.87389
5.88276
5.88531
5.89327
5.91507
5.96263
5.96939
5.98033
5.98497
5.9912
6.00025
6.02205
6.04466
6.04633
6.06559
6.06813
6.08898
6.09073
6.11133
6.13085
6.13313
6.14686
6.15573
6.16623
6.16779
6.1904
6.2081
6.23815
6.24236
6.25794
6.27322
6.28423
6.29415
6.29738
6.31508
6.31676
6.3193
6.33856
6.34923
6.3843
6.40382
6.40846
6.41896
6.42616
6.44076
6.46337
6.48107
6.50348
6.51112
6.53205
6.5572
6.56712
6.57035
6.58805
6.58973
6.59128
6.60898
6.6222
6.63159
6.65686
6.68143
6.68772
6.69193
6.69913
6.73379
6.76385
6.77645
6.78322
6.79879
6.80502
6.84245
6.86015
6.86425
6.87492
6.88195
6.90456
6.92983
6.96069
6.98162
7.00422
7.00676
7.03682
7.05619
7.05774
7.07176
7.08035
7.09805
7.11121
7.11542
7.13312
7.14789
7.15728
7.22228
7.23278
7.25459
7.26459
7.27719
7.30891
7.33071
7.35332
7.37102
7.37566
7.38418
7.40511
7.43025
7.47068
7.49525
7.50575
7.52992
7.53756
7.54762
7.55849
7.57767
7.58188
7.62374
7.64863
7.65627
7.67808
7.68874
7.74365
7.80289
7.80965
7.82059
7.83146
7.85064
7.87157
7.89417
7.89671
7.92924
7.96171
7.97111
7.99638
8.07841
8.08262
8.12274
8.12449
8.14454
8.16714
8.18949
8.24408
8.26935
8.34374
8.35138
8.37231
8.39571
8.39746
8.41987
8.43757
8.46246
8.49712
8.60411
8.61671
8.62348
8.64528
8.69284
8.71054
8.71518
8.77009
8.8102
8.87708
8.89645
8.898
8.92061
8.93831
8.98815
9.08317
9.14917
9.17097
9.19358
9.21128
9.23369
9.31094
9.38707
9.41793
9.42214
9.464
9.50666
9.529
9.58391
9.66004
9.6909
9.71183
9.73443
9.73697
9.80197
9.83664
9.963
9.9848
10.0074
10.1096
10.2009
10.236
10.2601
10.2778
10.4739
10.5331
10.5508
10.6505
10.7266
10.9234
10.9996
11.074
11.2273
11.3469
11.5003
11.5404
11.8134
12.0412
12.3141
12.5668
12.8398
13.3807
13.6536
