-20.8188
-16.6613
-16.6612
-15.5044
-15.4812
-15.3577
-15.1962
-15.0117
-14.825
-14.6581
-14.5379
-13.439
-13.4389
-12.8749
-12.8748
-12.5036
-12.404
-12.3775
-12.3142
-12.2422
-12.1839
-11.4681
-11.468
-11.3408
-11.3407
-11.2898
-11.2897
-11.1235
-11.1234
-10.8979
-10.8978
-10.6605
-10.6602
-10.581
-10.5747
-10.5216
-10.4861
-10.4537
-10.4532
-10.3478
-10.3472
-10.1407
-9.92976
-9.87001
-9.71635
-9.6642
-9.62017
-9.61481
-9.52703
-9.48803
-9.44807
-9.35171
-9.32519
-9.32477
-9.28139
-9.28132
-9.25703
-9.23831
-9.09248
-9.00042
-8.88247
-8.86765
-8.81503
-8.71747
-8.71703
-8.57302
-8.48398
-8.48308
-8.42206
-8.37891
-8.25472
-8.23605
-8.23263
-8.17657
-8.17563
-8.12416
-8.11425
-8.10684
-8.07789
-8.06488
-8.01125
-7.99956
-7.94754
-7.9024
-7.90227
-7.86636
-7.79463
-7.74634
-7.74623
-7.56854
-7.56839
-7.5096
-7.50877
-7.43216
-7.43182
-7.38525
-7.38512
-7.32064
-7.30025
-7.24466
-7.24441
-7.19135
-7.17291
-7.16553
-7.12977
-7.11465
-7.08641
-7.01384
-6.95296
-6.94549
-6.91508
-6.83959
-6.83317
-6.81552
-6.79126
-6.74039
-6.69808
-6.69789
-6.59264
-6.59114
-6.54633
-6.49169
-6.45287
-6.43852
-6.43376
-6.41159
-6.40699
-6.36312
-6.36149
-6.32737
-6.28308
-6.23777
-6.23363
-6.22844
-6.22119
-6.17868
-6.16167
-6.11659
-6.1036
-6.05912
-6.03466
-5.98446
-5.95127
-5.90283
-5.89523
-5.78267
-5.78085
-5.73377
-5.68911
-5.68784
-5.66199
-5.62186
-5.61177
-5.53442
-5.53184
-5.52373
-5.51983
-5.49582
-5.49516
-5.48404
-5.48389
-5.4618
-5.45982
-5.4324
-5.40454
-5.37589
-5.32024
-5.31844
-5.25168
-5.23913
-5.19502
-5.19423
-5.16821
-5.16801
-5.11409
-5.1119
-5.07607
-5.03664
-5.02123
-5.01761
-5.00802
-4.992
-4.96045
-4.94024
-4.93174
-4.92504
-4.91057
-4.9063
-4.87601
-4.82793
-4.80438
-4.78979
-4.73559
-4.70625
-4.69146
-4.67702
-4.65385
-4.65367
-4.60488
-4.59527
-4.56611
-4.49913
-4.43078
-4.4118
-4.41032
-4.38173
-4.3555
-4.33542
-4.32417
-4.31977
-4.3005
-4.2995
-4.25307
-4.23336
-4.22465
-4.20696
-4.20674
-4.20338
-4.10255
-4.09733
-4.09055
-4.08794
-4.08388
-4.05541
-4.03961
-4.03461
-4.03369
-3.99429
-3.99251
-3.9509
-3.93795
-3.91877
-3.91706
-3.88701
-3.87791
-3.81431
-3.81373
-3.80488
-3.80175
-3.79823
-3.77083
-3.74984
-3.74725
-3.74305
-3.70391
-3.69131
-3.6725
-3.66607
-3.61637
-3.60712
-3.57537
-3.55376
-3.54888
-3.54811
-3.53699
-3.53043
-3.51634
-3.48827
-3.48462
-3.42594
-3.41482
-3.37348
-3.36696
-3.3662
-3.33286
-3.32576
-3.31327
-3.31228
-3.28499
-3.26225
-3.24133
-3.22851
-3.22811
-3.19808
-3.14886
-3.13713
-3.12161
-3.10815
-3.10227
-3.09183
-3.07059
-3.06656
-3.03822
-3.02786
-3.00992
-3.0093
-2.99008
-2.98752
-2.92981
-2.92159
-2.89621
-2.89385
-2.83193
-2.81345
-2.81154
-2.79404
-2.78513
-2.78325
-2.75369
-2.74767
-2.73699
-2.72957
-2.69481
-2.69164
-2.67741
-2.67737
-2.59723
-2.58146
-2.55502
-2.52989
-2.52122
-2.52079
-2.50288
-2.50267
-2.47596
-2.46422
-2.46163
-2.44795
-2.43845
-2.43648
-2.37968
-2.32085
-2.31777
-2.31534
-2.30908
-2.26928
-2.26706
-2.24912
-2.24214
-2.23282
-2.2243
-2.21846
-2.17623
-2.16535
-2.13484
-2.13224
-2.10887
-2.10383
-2.07495
-2.07113
-2.07081
-2.06351
-2.05915
-2.05849
-2.05019
-2.04558
-1.99901
-1.98926
-1.97411
-1.95577
-1.93201
-1.92606
-1.90716
-1.89161
-1.87494
-1.86392
-1.83465
-1.83098
-1.81818
-1.81537
-1.79874
-1.75951
-1.75921
-1.73127
-1.71742
-1.70081
-1.68324
-1.6682
-1.65191
-1.63033
-1.61591
-1.60725
-1.57473
-1.57095
-1.56201
-1.56135
-1.52645
-1.51487
-1.49605
-1.47178
-1.45826
-1.43077
-1.42816
-1.4064
-1.399
-1.38252
-1.37744
-1.36968
-1.36402
-1.34313
-1.34078
-1.33844
-1.31924
-1.29976
-1.29154
-1.28562
-1.26885
-1.25742
-1.23421
-1.227
-1.21584
-1.15898
-1.15692
-1.13687
-1.13028
-1.11861
-1.11477
-1.08636
-1.0694
-1.06171
-1.05735
-1.0436
-1.02869
-1.02251
-1.00646
-0.995346
-0.954669
-0.950247
-0.941098
-0.934215
-0.918432
-0.915833
-0.89533
-0.874458
-0.848405
-0.827296
-0.816853
-0.800697
-0.784992
-0.783493
-0.770025
-0.759245
-0.751465
-0.716468
-0.71108
-0.700341
-0.689184
-0.669204
-0.666447
-0.657114
-0.635778
-0.629977
-0.618217
-0.616779
-0.584288
-0.58219
-0.560954
-0.536937
-0.528168
-0.514203
-0.508805
-0.499691
-0.488741
-0.477637
-0.466419
-0.464013
-0.410768
-0.410383
-0.402822
-0.392784
-0.369231
-0.36626
-0.354489
-0.341695
-0.312918
-0.278038
-0.270727
-0.260929
-0.260631
-0.22969
-0.225272
-0.220638
-0.22047
-0.204483
-0.189383
-0.183329
-0.147629
-0.143845
-0.132486
-0.118733
-0.10417
-0.0869268
-0.0586728
-0.0436163
-0.0355672
-0.0227674
-0.0171448
-0.0169787
-0.00899337
0.00100682
0.00184922
0.0254938
0.0364179
0.0441777
0.0839483
0.0854977
0.0887391
0.12
0.13104
0.13985
0.158136
0.219634
0.227776
0.24105
0.241734
0.271245
0.278563
0.279883
0.298702
0.302018
0.315529
0.333166
0.336233
0.345908
0.353308
0.370604
0.372458
0.385564
0.389118
0.391032
0.407654
0.428326
0.454648
0.47087
0.473633
0.483428
0.48405
0.499864
0.504136
0.522134
0.549285
0.557191
0.567536
0.582277
0.610601
0.635124
0.658282
0.663291
0.676755
0.717556
0.727599
0.735212
0.750082
0.756478
0.787385
0.787694
0.793858
0.803592
0.818097
0.821485
0.828882
0.836595
0.85207
0.868553
0.876
0.886562
0.896348
0.908947
0.918714
0.934803
0.938387
0.941857
0.950277
0.961354
0.977162
0.990964
1.01143
1.04325
1.04349
1.09521
1.09862
1.12494
1.13222
1.14236
1.14602
1.15301
1.16447
1.17261
1.17778
1.18567
1.19625
1.24571
1.24666
1.25736
1.30786
1.32096
1.32451
1.33054
1.35857
1.37731
1.38949
1.41638
1.43514
1.44175
1.45258
1.48188
1.49505
1.51721
1.52131
1.54372
1.54722
1.55832
1.56083
1.57155
1.60847
1.6085
1.61105
1.62927
1.63474
1.63877
1.64029
1.66558
1.67
1.68626
1.68686
1.69455
1.7055
1.7105
1.73285
1.73506
1.74621
1.75428
1.76007
1.77781
1.78537
1.80243
1.8313
1.85452
1.87671
1.88574
1.8866
1.9086
1.92756
1.94638
1.9472
1.95929
1.96278
1.96704
2.00803
2.01062
2.01491
2.02532
2.03862
2.03888
2.06647
2.08007
2.08951
2.09032
2.10005
2.11489
2.12084
2.12159
2.14728
2.18121
2.19147
2.19857
2.2202
2.24419
2.25355
2.26453
2.26651
2.29113
2.3019
2.30723
2.32803
2.33366
2.37542
2.39335
2.42239
2.43512
2.44496
2.45244
2.48522
2.48692
2.49149
2.50279
2.52813
2.54009
2.55783
2.59579
2.60616
2.63389
2.63916
2.66029
2.67057
2.67226
2.67954
2.69331
2.69874
2.70603
2.7197
2.73555
2.75978
2.76765
2.78165
2.79947
2.80048
2.81498
2.81676
2.8292
2.84292
2.86905
2.86988
2.87641
2.88259
2.9054
2.91083
2.91673
2.95494
2.95542
2.9801
2.99201
2.99974
3.02416
3.029
3.04246
3.07083
3.07652
3.09532
3.0999
3.11302
3.13645
3.13942
3.1535
3.16688
3.17037
3.21091
3.21511
3.22871
3.26814
3.27319
3.28771
3.31537
3.32275
3.3309
3.33818
3.39516
3.39761
3.41281
3.42583
3.42762
3.4522
3.47604
3.48282
3.50424
3.50737
3.52004
3.52014
3.53626
3.55219
3.56279
3.58522
3.59282
3.60658
3.60781
3.62809
3.63078
3.65144
3.65391
3.67942
3.68945
3.74696
3.76236
3.76823
3.79339
3.80837
3.81703
3.85413
3.85857
3.8631
3.88976
3.89048
3.90533
3.9459
3.95554
3.9687
3.9747
3.98955
4.02099
4.03075
4.04394
4.06536
4.07408
4.07844
4.08209
4.0985
4.12018
4.1387
4.14074
4.15195
4.17804
4.18286
4.21257
4.21931
4.22936
4.23319
4.25506
4.27524
4.2829
4.32921
4.33817
4.35972
4.37957
4.3979
4.4118
4.42799
4.43458
4.48285
4.48716
4.49574
4.51543
4.54652
4.55891
4.5683
4.58844
4.5891
4.62893
4.65356
4.67204
4.67569
4.69504
4.70926
4.73192
4.74275
4.75646
4.78678
4.8104
4.81509
4.82952
4.85545
4.85714
4.8659
4.8927
4.91306
4.92451
4.95188
4.96498
4.97078
4.98715
4.99001
5.01444
5.02394
5.038
5.06621
5.07044
5.07906
5.10692
5.14153
5.14446
5.17715
5.18155
5.1941
5.2052
5.21289
5.23034
5.25648
5.26515
5.34598
5.36273
5.38448
5.40088
5.40447
5.41895
5.42923
5.42947
5.48611
5.51599
5.52424
5.53238
5.54137
5.59752
5.61867
5.62315
5.63789
5.6562
5.66377
5.69705
5.70847
5.73585
5.73987
5.7954
5.81142
5.85997
5.8665
5.88137
5.89381
5.92547
5.93853
5.94935
5.99178
6.00011
6.01944
6.04525
6.06114
6.06303
6.06361
6.08541
6.13866
6.14067
6.18895
6.22192
6.24541
6.27859
6.28422
6.29777
6.30921
6.33551
6.36009
6.38322
6.42628
6.45727
6.47662
6.49341
6.50965
6.51078
6.56362
6.62
6.62521
6.65783
6.67578
6.69481
6.70494
6.74921
6.7639
6.77765
6.80444
6.8213
6.87606
6.90771
6.92398
6.94506
6.964
6.99844
7.05999
7.09213
7.10259
7.10357
7.19605
7.22541
7.23008
7.23725
7.25873
7.28038
7.29703
7.33031
7.33348
7.3556
7.36499
7.48419
7.51034
7.55583
7.56273
7.63745
7.64368
7.65241
7.7395
7.76296
7.80812
7.82401
7.83062
7.84286
7.88111
7.8913
7.90723
7.97696
7.98665
8.01413
8.0453
8.13678
8.16692
8.17245
8.20644
8.23857
8.26455
8.37149
8.42368
8.43462
8.51777
8.56214
8.5738
8.66211
8.70009
8.75759
8.77196
8.8325
8.85396
8.88334
8.89715
8.97186
8.999
9.06096
9.1536
9.19042
9.20288
9.28647
9.38718
9.39536
9.47466
9.6094
9.67562
9.67727
9.82702
9.88088
10.0007
10.0702
10.1211
10.2333
10.2858
10.2953
10.412
10.5464
10.6806
10.8934
10.9872
11.084
11.174
11.2008
11.5017
11.6668
11.9411
12.109
12.5673
12.991
13.5721
