-16.517
-13.1026
-13.1026
-11.8639
-11.8638
-11.4506
-11.3931
-11.3094
-11.2132
-11.1208
-11.0517
-10.7613
-10.7613
-10.3505
-10.3505
-9.68821
-9.61801
-9.61555
-9.58379
-9.55831
-9.53953
-9.19115
-9.19115
-8.97863
-8.97863
-8.44945
-8.44945
-8.23446
-8.23442
-8.18635
-8.18412
-8.02737
-8.02737
-7.9513
-7.9513
-7.87279
-7.87279
-7.79071
-7.79071
-7.69414
-7.69414
-7.66466
-7.66465
-7.56501
-7.56501
-7.41367
-7.41367
-7.34692
-7.34692
-7.2107
-6.93608
-6.93608
-6.90986
-6.90962
-6.85693
-6.76269
-6.76139
-6.65271
-6.65219
-6.54135
-6.54111
-6.47659
-6.47637
-6.42732
-6.42685
-6.30444
-6.30383
-6.25469
-6.2546
-6.21879
-6.20147
-6.20146
-6.14878
-6.14856
-6.10818
-6.10817
-6.09626
-6.09317
-6.07765
-6.042
-6.04177
-5.99707
-5.92003
-5.89152
-5.79756
-5.77675
-5.77675
-5.75327
-5.75327
-5.69738
-5.69733
-5.67163
-5.66722
-5.6513
-5.63711
-5.5805
-5.56445
-5.56406
-5.5478
-5.54267
-5.54158
-5.5179
-5.48869
-5.40507
-5.40493
-5.32317
-5.32271
-5.23956
-5.23915
-5.11914
-5.11914
-5.07885
-5.07885
-5.07704
-5.07702
-5.02526
-5.02486
-5.00563
-4.96123
-4.96055
-4.92772
-4.92737
-4.86087
-4.86072
-4.85006
-4.85003
-4.82232
-4.81921
-4.80682
-4.80677
-4.70241
-4.70237
-4.65145
-4.65145
-4.59776
-4.59483
-4.59478
-4.53803
-4.53802
-4.5365
-4.5365
-4.50529
-4.46397
-4.44854
-4.44634
-4.36646
-4.33096
-4.32676
-4.32574
-4.30653
-4.30649
-4.30571
-4.27592
-4.26356
-4.24624
-4.22859
-4.18479
-4.17468
-4.17206
-4.13846
-4.12992
-4.09033
-4.08475
-4.08251
-4.08164
-4.00044
-3.9981
-3.92169
-3.92165
-3.89997
-3.89903
-3.85492
-3.85302
-3.82617
-3.82594
-3.8013
-3.80032
-3.79029
-3.78908
-3.73721
-3.71064
-3.71016
-3.70826
-3.70748
-3.69201
-3.69166
-3.63305
-3.63294
-3.5997
-3.59907
-3.55205
-3.54365
-3.48423
-3.48413
-3.47566
-3.4743
-3.46526
-3.46349
-3.4355
-3.43545
-3.36767
-3.3664
-3.34527
-3.34473
-3.31352
-3.31334
-3.30571
-3.30571
-3.29974
-3.2997
-3.26503
-3.26501
-3.22488
-3.22249
-3.21621
-3.21261
-3.15278
-3.11813
-3.09787
-3.05343
-3.05265
-3.02574
-3.02527
-3.023
-3.02272
-3.02265
-3.00057
-2.96576
-2.94876
-2.94211
-2.90893
-2.88044
-2.88044
-2.8605
-2.85446
-2.83707
-2.82159
-2.80592
-2.78247
-2.77532
-2.76065
-2.75944
-2.73746
-2.73649
-2.71692
-2.64255
-2.63233
-2.6253
-2.61327
-2.61172
-2.59943
-2.58437
-2.58087
-2.58038
-2.56631
-2.503
-2.5018
-2.48981
-2.48883
-2.40448
-2.4038
-2.3692
-2.36891
-2.36695
-2.3669
-2.33888
-2.33886
-2.33175
-2.33125
-2.30349
-2.30169
-2.28812
-2.28808
-2.24404
-2.24231
-2.23296
-2.23233
-2.21528
-2.21425
-2.19347
-2.19337
-2.18142
-2.18047
-2.17386
-2.17138
-2.14688
-2.14662
-2.14351
-2.14348
-2.11872
-2.1184
-2.10724
-2.1028
-2.10156
-2.10123
-2.06386
-2.06367
-2.05245
-2.05244
-2.02089
-2.01118
-1.99564
-1.99509
-1.98252
-1.97359
-1.96977
-1.96601
-1.96476
-1.94914
-1.94909
-1.91674
-1.91241
-1.9015
-1.89553
-1.86597
-1.84287
-1.81261
-1.81041
-1.80381
-1.78481
-1.77491
-1.77491
-1.754
-1.75076
-1.73646
-1.73646
-1.73185
-1.73184
-1.68106
-1.67842
-1.66575
-1.66539
-1.65894
-1.65414
-1.65143
-1.65005
-1.62418
-1.62019
-1.60739
-1.60726
-1.59114
-1.57594
-1.57335
-1.56261
-1.53458
-1.51792
-1.48583
-1.465
-1.46084
-1.46034
-1.4564
-1.44116
-1.43188
-1.40435
-1.38433
-1.373
-1.3724
-1.3404
-1.31937
-1.31489
-1.28547
-1.27928
-1.25923
-1.24741
-1.23262
-1.19439
-1.19308
-1.17465
-1.16259
-1.12169
-1.11998
-1.10489
-1.10239
-1.09584
-1.08719
-1.08573
-1.07678
-1.03733
-1.00631
-1.00593
-0.985954
-0.977123
-0.949682
-0.949551
-0.941656
-0.941332
-0.90713
-0.892893
-0.89284
-0.88177
-0.874779
-0.861487
-0.856579
-0.854678
-0.843842
-0.826937
-0.826629
-0.796383
-0.795134
-0.777523
-0.767596
-0.762627
-0.756407
-0.749256
-0.732846
-0.716836
-0.713706
-0.705556
-0.689392
-0.666745
-0.649855
-0.649146
-0.637898
-0.637711
-0.614891
-0.614831
-0.610358
-0.600552
-0.600037
-0.57316
-0.572279
-0.567518
-0.549312
-0.547654
-0.520725
-0.516785
-0.508539
-0.501145
-0.490265
-0.476067
-0.454453
-0.44729
-0.432329
-0.43139
-0.429696
-0.429397
-0.418004
-0.416412
-0.407127
-0.400424
-0.397174
-0.396761
-0.390594
-0.370919
-0.370407
-0.360008
-0.355476
-0.333537
-0.326705
-0.325445
-0.320858
-0.320488
-0.31596
-0.300828
-0.300434
-0.277646
-0.27463
-0.272481
-0.272477
-0.267735
-0.264868
-0.254195
-0.25193
-0.245907
-0.228649
-0.219881
-0.218716
-0.217533
-0.189832
-0.184203
-0.181385
-0.180508
-0.168604
-0.148359
-0.147104
-0.146725
-0.125296
-0.124546
-0.119447
-0.116305
-0.103134
-0.0985386
-0.0924348
-0.083505
-0.0755808
-0.0640513
-0.0479816
-0.0116364
-0.00745272
-0.00510872
0.000843159
0.00390205
0.00452104
0.0182683
0.0537409
0.0581019
0.0582184
0.0584373
0.0664116
0.071325
0.0721118
0.103783
0.107054
0.108477
0.108796
0.119705
0.122407
0.129707
0.130493
0.171966
0.199659
0.209123
0.209927
0.231723
0.240796
0.246209
0.251597
0.266534
0.284723
0.306911
0.30907
0.329731
0.347755
0.349274
0.370677
0.38642
0.393146
0.399619
0.401983
0.402072
0.429171
0.439827
0.439963
0.475541
0.504345
0.520057
0.520842
0.525216
0.562752
0.562814
0.587901
0.58922
0.600643
0.615267
0.625815
0.629763
0.657017
0.664328
0.689305
0.690723
0.70131
0.703251
0.703818
0.718856
0.725181
0.729453
0.753362
0.756772
0.763774
0.7806
0.781726
0.790517
0.793648
0.842593
0.846152
0.862941
0.863476
0.884096
0.884516
0.88771
0.906737
0.910043
0.917737
0.939373
0.940443
0.943319
0.944687
0.947682
0.957214
0.973078
0.973237
0.974727
0.975499
0.976601
1.00093
1.00858
1.02139
1.03772
1.04027
1.05298
1.05655
1.06428
1.06919
1.09482
1.09931
1.11243
1.11244
1.13173
1.13866
1.14884
1.14935
1.1601
1.16629
1.17258
1.18316
1.18664
1.18743
1.18815
1.19865
1.20434
1.21541
1.22232
1.23031
1.25228
1.25338
1.26863
1.29084
1.29861
1.29877
1.30888
1.30986
1.31663
1.32758
1.33116
1.33459
1.34285
1.34634
1.34746
1.35037
1.35272
1.37067
1.3743
1.38396
1.38659
1.39776
1.40255
1.41439
1.42774
1.4366
1.44896
1.46015
1.46379
1.483
1.49825
1.5017
1.50722
1.50955
1.54413
1.54523
1.56748
1.56946
1.58328
1.58429
1.59099
1.62471
1.62484
1.64368
1.64431
1.64972
1.65127
1.65913
1.66187
1.68181
1.68186
1.68697
1.6873
1.68841
1.71659
1.73581
1.75062
1.75208
1.75897
1.76028
1.79456
1.79662
1.82707
1.84283
1.85612
1.85954
1.86907
1.87235
1.881
1.8931
1.89677
1.91111
1.91655
1.92057
1.92752
1.98435
1.98465
1.98998
1.99308
2.00272
2.00373
2.01608
2.04735
2.06712
2.07036
2.0714
2.08057
2.12067
2.15095
2.15341
2.15398
2.15696
2.16112
2.21181
2.2192
2.28415
2.30435
2.30466
2.30537
2.3073
2.31599
2.31641
2.3657
2.36687
2.36704
2.4056
2.42793
2.42942
2.43177
2.43326
2.43487
2.44803
2.44831
2.45413
2.46192
2.46383
2.46874
2.47127
2.49543
2.5222
2.52409
2.52683
2.5303
2.55771
2.56686
2.57734
2.57812
2.58664
2.60531
2.61066
2.6147
2.6255
2.63914
2.65294
2.65787
2.66293
2.66745
2.68652
2.70219
2.71564
2.7218
2.72194
2.73876
2.74101
2.77748
2.77803
2.80262
2.81291
2.81537
2.81763
2.8281
2.8475
2.85309
2.86692
2.86831
2.88054
2.89116
2.90284
2.90483
2.90864
2.91863
2.91887
2.92813
2.93613
2.95689
2.96235
2.96852
2.97886
2.97924
3.00755
3.01196
3.03438
3.04178
3.05572
3.0598
3.07787
3.08932
3.10826
3.12076
3.12117
3.13313
3.14276
3.15092
3.15103
3.15949
3.16893
3.19622
3.20017
3.21724
3.23058
3.23165
3.24131
3.3103
3.31778
3.31815
3.32136
3.33552
3.36023
3.37054
3.39635
3.4172
3.41827
3.44057
3.44991
3.46624
3.48111
3.48666
3.48685
3.49956
3.52929
3.52943
3.57104
3.5804
3.58451
3.60103
3.60124
3.61878
3.61957
3.63639
3.63658
3.6646
3.66483
3.67904
3.6974
3.7069
3.73388
3.74972
3.77492
3.78468
3.79945
3.80017
3.80737
3.82854
3.83363
3.83664
3.85023
3.85448
3.85504
3.86605
3.90197
3.90288
3.92142
3.92521
3.948
3.97594
3.97941
4.02536
4.02616
4.0461
4.05454
4.06094
4.069
4.08542
4.08806
4.09691
4.11004
4.11195
4.15465
4.15498
4.15846
4.1631
4.19291
4.19461
4.19625
4.22761
4.23075
4.27853
4.2805
4.29348
4.29757
4.36936
4.37329
4.38999
4.39113
4.42191
4.42758
4.44838
4.44869
4.45981
4.47049
4.49327
4.49644
4.54529
4.54811
4.56459
4.57409
4.6016
4.60956
4.62421
4.63474
4.65547
4.66115
4.72067
4.73371
4.74918
4.75593
4.79875
4.80647
4.81005
4.81843
4.87302
4.88491
4.91028
4.9162
4.92059
4.92352
4.97645
4.9892
4.99251
5.08425
5.10997
5.11654
5.11883
5.17905
5.17985
5.19062
5.21168
5.21774
5.22563
5.23528
5.27856
5.29838
5.33499
5.34189
5.34941
5.39577
5.4427
5.44285
5.46064
5.46822
5.50504
5.52155
5.52252
5.56156
5.61931
5.62054
5.6217
5.64392
5.67183
5.67588
5.71637
5.71718
5.72913
5.75366
5.76342
5.82376
5.84926
5.84938
5.85629
5.85923
5.92211
5.9274
5.93279
5.98791
6.02276
6.02847
6.04699
6.09501
6.1126
6.13098
6.13129
6.19858
6.22275
6.26013
6.26675
6.30055
6.34331
6.39024
6.39786
6.50115
6.50654
6.53863
6.64072
6.72774
6.75576
6.75659
6.81493
6.9205
6.92076
7.00197
7.01809
7.0189
7.13062
7.131
7.19814
7.19904
7.25604
7.32115
7.33083
7.33428
7.40774
7.44186
7.45429
7.45785
7.47313
7.5174
7.6903
7.69625
7.94276
7.95195
7.95423
8.11163
8.3555
8.61205
8.758
8.78307
9.04197
9.30491
9.56914
9.97333
9.98411
