-25.1499
-20.9936
-20.9929
-19.8327
-19.821
-19.7355
-19.6238
-19.4865
-19.3376
-19.1872
-19.0469
-18.9311
-18.8522
-17.7707
-17.7703
-17.2075
-17.2062
-16.8365
-16.7355
-16.7222
-16.6843
-16.6347
-16.582
-16.5361
-16.5031
-15.8008
-15.7992
-15.6722
-15.6721
-15.6386
-15.6371
-15.5391
-15.5384
-15.3891
-15.3889
-15.2133
-15.2127
-15.0315
-15.0309
-14.9134
-14.911
-14.8703
-14.8631
-14.8598
-14.8434
-14.8209
-14.8031
-14.7372
-14.7366
-14.6758
-14.6742
-14.4953
-14.3592
-14.3314
-14.1976
-14.1698
-14.0451
-14.0338
-14.0094
-13.9546
-13.9507
-13.883
-13.8797
-13.8539
-13.7564
-13.7374
-13.7108
-13.6964
-13.6585
-13.6561
-13.617
-13.6139
-13.6136
-13.5644
-13.5552
-13.542
-13.4778
-13.3995
-13.3621
-13.3002
-13.2223
-13.2045
-13.1881
-13.0992
-13.0504
-13.0498
-13.0219
-12.9086
-12.8171
-12.8147
-12.7645
-12.7376
-12.7207
-12.6871
-12.6163
-12.5747
-12.5736
-12.5434
-12.5411
-12.5231
-12.4906
-12.4901
-12.4522
-12.448
-12.4452
-12.4255
-12.417
-12.3789
-12.3709
-12.3571
-12.3567
-12.33
-12.2853
-12.2764
-12.2519
-12.2045
-12.195
-12.1865
-12.1424
-12.1001
-12.0467
-12.0462
-11.8942
-11.8935
-11.8702
-11.8697
-11.8198
-11.8189
-11.7205
-11.7178
-11.6837
-11.6831
-11.6456
-11.6421
-11.6419
-11.6409
-11.5134
-11.5129
-11.4975
-11.4947
-11.4917
-11.4596
-11.4585
-11.437
-11.4295
-11.4176
-11.389
-11.3533
-11.3143
-11.2912
-11.2887
-11.2755
-11.2674
-11.2154
-11.2086
-11.2014
-11.1981
-11.1585
-11.1273
-11.1049
-11.0934
-11.0868
-11.0637
-11.0411
-10.9901
-10.9614
-10.9608
-10.9254
-10.9215
-10.9076
-10.8844
-10.8755
-10.8524
-10.7728
-10.7699
-10.7572
-10.7565
-10.7525
-10.7371
-10.7127
-10.7115
-10.7017
-10.6936
-10.6854
-10.6815
-10.6655
-10.6539
-10.6522
-10.6191
-10.595
-10.5634
-10.5603
-10.5503
-10.5434
-10.5243
-10.5224
-10.5111
-10.5103
-10.4706
-10.469
-10.4369
-10.4336
-10.4289
-10.3911
-10.3706
-10.3408
-10.3097
-10.293
-10.29
-10.2558
-10.2495
-10.2293
-10.1244
-10.1234
-10.0901
-10.0889
-10.0653
-10.0639
-10.0488
-10.0297
-9.99726
-9.99543
-9.9717
-9.92914
-9.92119
-9.90611
-9.88592
-9.8848
-9.86123
-9.8593
-9.82787
-9.82698
-9.82317
-9.8208
-9.79739
-9.79618
-9.78525
-9.78364
-9.72031
-9.71992
-9.70688
-9.70635
-9.67985
-9.67507
-9.65685
-9.64844
-9.62616
-9.58807
-9.58729
-9.54681
-9.5394
-9.53733
-9.53658
-9.51677
-9.51531
-9.50165
-9.5
-9.49275
-9.49206
-9.46817
-9.45242
-9.44914
-9.41362
-9.41271
-9.36802
-9.36088
-9.35975
-9.34948
-9.34901
-9.34027
-9.33913
-9.3168
-9.3162
-9.30734
-9.30434
-9.28762
-9.27955
-9.27674
-9.26378
-9.25591
-9.24631
-9.24585
-9.23336
-9.23279
-9.22625
-9.18989
-9.1879
-9.1572
-9.15625
-9.1371
-9.13513
-9.10543
-9.10446
-9.06465
-9.06337
-9.03282
-9.03071
-9.00915
-9.00048
-8.99707
-8.98713
-8.98529
-8.91721
-8.9152
-8.90839
-8.88667
-8.86038
-8.85472
-8.8304
-8.82531
-8.80009
-8.79637
-8.78736
-8.7575
-8.74284
-8.74182
-8.74074
-8.7246
-8.70716
-8.70392
-8.69024
-8.68305
-8.66922
-8.65965
-8.65799
-8.63903
-8.63512
-8.62508
-8.62057
-8.60272
-8.59356
-8.58734
-8.58276
-8.57305
-8.57168
-8.53098
-8.52953
-8.5179
-8.51351
-8.50091
-8.48354
-8.47013
-8.46672
-8.45292
-8.44336
-8.44245
-8.42156
-8.42124
-8.42024
-8.39875
-8.39419
-8.38697
-8.38162
-8.37203
-8.35152
-8.34829
-8.34345
-8.3295
-8.3268
-8.3142
-8.3124
-8.29731
-8.29603
-8.27669
-8.27001
-8.26218
-8.25397
-8.24379
-8.2339
-8.23155
-8.22492
-8.19461
-8.18459
-8.17661
-8.16687
-8.1654
-8.1558
-8.14309
-8.14146
-8.1249
-8.12276
-8.10359
-8.08535
-8.08432
-8.07687
-8.07597
-8.07144
-8.06709
-8.04104
-8.03505
-8.03121
-8.02712
-8.02188
-7.97236
-7.9716
-7.9464
-7.94615
-7.93407
-7.91633
-7.90326
-7.90076
-7.89282
-7.89125
-7.87865
-7.87421
-7.86125
-7.85748
-7.85715
-7.85492
-7.8491
-7.84293
-7.79583
-7.79407
-7.78594
-7.75065
-7.73989
-7.73954
-7.73759
-7.72737
-7.70041
-7.6996
-7.69805
-7.69384
-7.6673
-7.66027
-7.64935
-7.64285
-7.6411
-7.62354
-7.62253
-7.62209
-7.5896
-7.5623
-7.56024
-7.54093
-7.53931
-7.53459
-7.53065
-7.51554
-7.51339
-7.4908
-7.48844
-7.47699
-7.47167
-7.46878
-7.46737
-7.45625
-7.4558
-7.43665
-7.42784
-7.4183
-7.41633
-7.41357
-7.39888
-7.38952
-7.38251
-7.38171
-7.38056
-7.37427
-7.36869
-7.35644
-7.35174
-7.33318
-7.33197
-7.31251
-7.30901
-7.30603
-7.30526
-7.30381
-7.29327
-7.29175
-7.2908
-7.28387
-7.23531
-7.23417
-7.20315
-7.19573
-7.19252
-7.18666
-7.18146
-7.1745
-7.16816
-7.16528
-7.16062
-7.14423
-7.13335
-7.13237
-7.12337
-7.11744
-7.11362
-7.09001
-7.08866
-7.08547
-7.0822
-7.05425
-7.05334
-7.04327
-7.04232
-7.03992
-7.03638
-7.03335
-7.02642
-7.01833
-7.01609
-7.00619
-6.99207
-6.98857
-6.98444
-6.97945
-6.97581
-6.96719
-6.96676
-6.95213
-6.94838
-6.93895
-6.93066
-6.91238
-6.909
-6.90213
-6.89779
-6.88744
-6.88132
-6.87732
-6.87482
-6.86744
-6.855
-6.85279
-6.85125
-6.84709
-6.83807
-6.81245
-6.8086
-6.77422
-6.77242
-6.76704
-6.76106
-6.75103
-6.74909
-6.74746
-6.74625
-6.7385
-6.73114
-6.72927
-6.72737
-6.72373
-6.6896
-6.66903
-6.65727
-6.64779
-6.64168
-6.63508
-6.62833
-6.61977
-6.61079
-6.60691
-6.60609
-6.58458
-6.58327
-6.58101
-6.56995
-6.56738
-6.55916
-6.55652
-6.54674
-6.54324
-6.53769
-6.5361
-6.51658
-6.51004
-6.50438
-6.5026
-6.48349
-6.4776
-6.46383
-6.45924
-6.44988
-6.44847
-6.44605
-6.44368
-6.43897
-6.43058
-6.41796
-6.41162
-6.40831
-6.40541
-6.40308
-6.39957
-6.39434
-6.39247
-6.38374
-6.38203
-6.37539
-6.37297
-6.36119
-6.36064
-6.33909
-6.33727
-6.32958
-6.32286
-6.31806
-6.31316
-6.30961
-6.29591
-6.28249
-6.27905
-6.2779
-6.27687
-6.26412
-6.2599
-6.24005
-6.23763
-6.23247
-6.22854
-6.21749
-6.21585
-6.20385
-6.19266
-6.18685
-6.18263
-6.17149
-6.16108
-6.15912
-6.15426
-6.14491
-6.14479
-6.12781
-6.12548
-6.12168
-6.11636
-6.10682
-6.0928
-6.09121
-6.07974
-6.07707
-6.07286
-6.06758
-6.04296
-6.03971
-6.02965
-6.0092
-6.00734
-6.00412
-5.99111
-5.9878
-5.97352
-5.96519
-5.96466
-5.94781
-5.93181
-5.93016
-5.92436
-5.92311
-5.90816
-5.90654
-5.90568
-5.89676
-5.89286
-5.89054
-5.88661
-5.8855
-5.85932
-5.85095
-5.84921
-5.84421
-5.84009
-5.82932
-5.82409
-5.82236
-5.81472
-5.81288
-5.809
-5.79963
-5.79217
-5.78733
-5.77886
-5.77659
-5.75936
-5.75737
-5.71849
-5.71559
-5.71435
-5.70547
-5.70454
-5.70415
-5.70205
-5.69332
-5.67959
-5.67829
-5.66801
-5.66335
-5.65448
-5.6485
-5.64535
-5.63472
-5.63283
-5.61752
-5.61174
-5.60591
-5.58744
-5.58628
-5.58217
-5.57536
-5.5658
-5.56476
-5.55664
-5.5488
-5.54863
-5.54707
-5.53622
-5.53076
-5.52105
-5.51934
-5.5147
-5.50947
-5.50629
-5.5056
-5.49233
-5.48412
-5.47912
-5.47487
-5.46848
-5.4533
-5.4521
-5.44141
-5.44105
-5.43738
-5.43385
-5.42932
-5.41862
-5.41796
-5.41433
-5.4047
-5.39588
-5.39164
-5.38095
-5.37749
-5.37556
-5.37195
-5.3689
-5.36622
-5.36291
-5.35871
-5.35414
-5.33972
-5.33372
-5.33009
-5.32004
-5.31352
-5.31274
-5.29387
-5.28653
-5.27895
-5.27659
-5.27396
-5.26245
-5.25768
-5.25499
-5.25448
-5.24897
-5.24759
-5.24084
-5.23979
-5.22898
-5.22138
-5.2177
-5.21521
-5.20427
-5.2007
-5.19908
-5.19617
-5.19032
-5.18916
-5.18445
-5.17403
-5.17182
-5.16937
-5.16895
-5.16104
-5.15242
-5.15073
-5.14833
-5.13034
-5.12802
-5.12376
-5.12245
-5.11033
-5.10888
-5.10683
-5.09679
-5.09293
-5.09092
-5.0894
-5.07837
-5.07718
-5.06203
-5.06155
-5.05507
-5.04882
-5.04786
-5.04215
-5.04087
-5.03739
-5.03388
-5.02936
-5.0232
-5.01924
-5.01594
-5.0137
-4.99904
-4.99609
-4.99069
-4.98739
-4.98545
-4.98308
-4.96855
-4.96131
-4.95431
-4.95115
-4.94339
-4.94283
-4.92807
-4.92728
-4.91902
-4.90323
-4.90251
-4.89744
-4.89641
-4.88031
-4.87162
-4.87112
-4.86856
-4.86742
-4.86328
-4.85885
-4.85416
-4.83583
-4.83057
-4.82946
-4.82871
-4.81905
-4.80778
-4.80499
-4.80164
-4.80038
-4.79756
-4.78783
-4.78502
-4.77274
-4.77184
-4.76535
-4.75509
-4.74588
-4.74066
-4.72969
-4.72699
-4.72151
-4.71839
-4.7181
-4.70079
-4.69944
-4.69138
-4.68912
-4.65845
-4.65668
-4.65198
-4.6488
-4.62755
-4.6239
-4.61543
-4.61491
-4.6072
-4.60639
-4.60266
-4.60131
-4.59344
-4.59049
-4.5846
-4.58356
-4.58154
-4.58066
-4.57718
-4.57103
-4.5613
-4.55655
-4.55194
-4.5478
-4.54186
-4.53502
-4.52839
-4.52182
-4.5202
-4.51875
-4.50905
-4.50655
-4.49966
-4.49653
-4.47963
-4.47855
-4.47062
-4.46798
-4.46024
-4.45442
-4.45345
-4.44236
-4.43998
-4.43701
-4.43543
-4.43217
-4.41912
-4.41325
-4.398
-4.39717
-4.38901
-4.38746
-4.37678
-4.37657
-4.37241
-4.3719
-4.36565
-4.36267
-4.36221
-4.34952
-4.34633
-4.34431
-4.34146
-4.33929
-4.33839
-4.33646
-4.33457
-4.33031
-4.32763
-4.32018
-4.31979
-4.31537
-4.31084
-4.30998
-4.30402
-4.29423
-4.28639
-4.28174
-4.27801
-4.27304
-4.26842
-4.26735
-4.26578
-4.26508
-4.24998
-4.24752
-4.24411
-4.23471
-4.23282
-4.22582
-4.22119
-4.2158
-4.21364
-4.20213
-4.20108
-4.19604
-4.18767
-4.18551
-4.17583
-4.16859
-4.1649
-4.16122
-4.15269
-4.14073
-4.13134
-4.12071
-4.11123
-4.10956
-4.10572
-4.10193
-4.09326
-4.06932
-4.06657
-4.06581
-4.06522
-4.06334
-4.05494
-4.04585
-4.04122
-4.04054
-4.03261
-4.02968
-4.02298
-4.01656
-4.00805
-4.00155
-4.00101
-3.99626
-3.99291
-3.98736
-3.98186
-3.98135
-3.98095
-3.97687
-3.97332
-3.97121
-3.96342
-3.96206
-3.9607
-3.9561
-3.94908
-3.94471
-3.93637
-3.92372
-3.92337
-3.91459
-3.91077
-3.9082
-3.899
-3.88861
-3.88743
-3.88469
-3.86713
-3.8605
-3.85745
-3.85439
-3.84972
-3.84734
-3.84494
-3.84298
-3.83476
-3.8326
-3.82686
-3.81579
-3.81243
-3.80974
-3.80138
-3.79118
-3.77859
-3.77701
-3.77567
-3.77492
-3.77271
-3.76815
-3.76449
-3.76151
-3.75673
-3.75594
-3.755
-3.75046
-3.75002
-3.74612
-3.74319
-3.73979
-3.7323
-3.72841
-3.72536
-3.72448
-3.7193
-3.71376
-3.71042
-3.70719
-3.70655
-3.70492
-3.70419
-3.693
-3.69194
-3.68976
-3.68327
-3.67988
-3.66646
-3.66222
-3.66049
-3.64428
-3.6383
-3.63024
-3.62636
-3.61523
-3.60881
-3.59929
-3.59656
-3.59208
-3.59076
-3.58763
-3.57581
-3.56712
-3.56253
-3.56043
-3.55998
-3.5533
-3.55142
-3.54312
-3.53825
-3.53413
-3.5199
-3.51195
-3.51104
-3.50549
-3.50459
-3.49886
-3.4975
-3.49222
-3.48944
-3.4862
-3.4793
-3.47813
-3.4767
-3.47645
-3.47165
-3.46766
-3.46494
-3.45864
-3.45587
-3.45054
-3.44639
-3.43352
-3.43179
-3.42742
-3.42095
-3.41981
-3.41863
-3.41788
-3.40931
-3.40616
-3.40525
-3.39514
-3.38724
-3.37539
-3.36929
-3.36868
-3.36328
-3.35694
-3.35637
-3.34497
-3.34474
-3.33337
-3.33214
-3.3293
-3.32302
-3.31943
-3.31261
-3.31185
-3.30141
-3.29814
-3.29266
-3.28896
-3.28854
-3.28568
-3.28331
-3.28205
-3.27842
-3.26931
-3.26452
-3.26189
-3.2616
-3.24168
-3.2388
-3.23746
-3.23724
-3.22596
-3.22183
-3.21298
-3.21006
-3.20949
-3.20899
-3.20201
-3.19929
-3.19794
-3.19368
-3.19069
-3.1832
-3.18288
-3.18114
-3.1798
-3.1777
-3.17734
-3.16856
-3.16848
-3.16465
-3.15588
-3.15476
-3.14612
-3.13783
-3.13519
-3.12466
-3.12229
-3.11834
-3.11718
-3.10972
-3.10455
-3.10298
-3.102
-3.0959
-3.09168
-3.08849
-3.08493
-3.08116
-3.06582
-3.06445
-3.06162
-3.05085
-3.04527
-3.04402
-3.03474
-3.03079
-3.02826
-3.01763
-3.01305
-3.01031
-3.00556
-3
-2.98886
-2.98484
-2.97728
-2.97358
-2.97337
-2.97132
-2.96367
-2.96193
-2.95422
-2.954
-2.94415
-2.93656
-2.93463
-2.93141
-2.93063
-2.9197
-2.91873
-2.91745
-2.9073
-2.90631
-2.89414
-2.8899
-2.88767
-2.88449
-2.88261
-2.88022
-2.8705
-2.86964
-2.86231
-2.84926
-2.8492
-2.84452
-2.83968
-2.83534
-2.83049
-2.8239
-2.82036
-2.81361
-2.80913
-2.8049
-2.80008
-2.79589
-2.79301
-2.7912
-2.77924
-2.77838
-2.77429
-2.7716
-2.76156
-2.76139
-2.7577
-2.75412
-2.75229
-2.74641
-2.74239
-2.74207
-2.73881
-2.73752
-2.73143
-2.72747
-2.72429
-2.72156
-2.71626
-2.71373
-2.70851
-2.70661
-2.70263
-2.7001
-2.69789
-2.69687
-2.69634
-2.69351
-2.68914
-2.68716
-2.68389
-2.68225
-2.67443
-2.67208
-2.66835
-2.66498
-2.65875
-2.65695
-2.649
-2.64646
-2.6397
-2.63603
-2.6311
-2.62436
-2.62351
-2.61906
-2.6166
-2.61599
-2.61518
-2.6114
-2.60652
-2.59962
-2.59932
-2.59281
-2.59007
-2.57843
-2.57614
-2.57296
-2.57007
-2.56073
-2.55088
-2.54691
-2.54055
-2.53639
-2.53372
-2.52837
-2.52604
-2.52248
-2.51808
-2.51352
-2.50663
-2.50541
-2.49935
-2.49563
-2.49421
-2.49369
-2.48948
-2.48918
-2.4796
-2.47767
-2.47589
-2.47342
-2.47265
-2.46364
-2.46349
-2.46114
-2.4579
-2.45471
-2.44902
-2.4411
-2.43342
-2.43145
-2.42495
-2.41789
-2.41324
-2.41188
-2.40309
-2.39726
-2.3965
-2.39557
-2.38555
-2.3771
-2.37201
-2.36855
-2.3675
-2.3655
-2.36513
-2.36365
-2.35308
-2.3476
-2.33365
-2.32775
-2.31843
-2.31781
-2.30912
-2.30845
-2.30121
-2.29961
-2.28822
-2.28642
-2.2845
-2.27578
-2.27319
-2.26826
-2.26166
-2.25343
-2.24928
-2.24629
-2.22968
-2.22915
-2.22708
-2.22079
-2.22036
-2.21862
-2.21563
-2.21288
-2.21047
-2.2069
-2.19303
-2.19096
-2.1865
-2.18511
-2.18105
-2.17738
-2.17061
-2.16975
-2.16661
-2.16303
-2.16011
-2.15797
-2.15666
-2.15211
-2.14708
-2.13986
-2.13929
-2.1352
-2.12982
-2.12171
-2.11377
-2.11345
-2.10914
-2.10563
-2.10179
-2.09888
-2.0965
-2.09292
-2.09261
-2.0863
-2.08157
-2.07865
-2.07644
-2.06921
-2.06562
-2.06527
-2.06121
-2.05846
-2.05322
-2.05208
-2.0513
-2.04583
-2.04575
-2.03997
-2.03706
-2.03447
-2.03407
-2.02775
-2.02432
-2.01108
-2.00548
-2.00394
-1.99727
-1.99564
-1.99214
-1.99153
-1.98481
-1.97575
-1.97509
-1.9722
-1.97019
-1.96999
-1.96629
-1.96004
-1.95975
-1.9495
-1.94286
-1.93714
-1.93443
-1.93402
-1.9323
-1.93108
-1.9258
-1.92261
-1.92108
-1.9151
-1.91263
-1.90889
-1.90599
-1.90175
-1.89338
-1.88778
-1.88735
-1.87807
-1.87557
-1.87215
-1.87181
-1.8614
-1.85718
-1.85373
-1.84918
-1.83855
-1.83158
-1.82964
-1.82181
-1.81836
-1.8181
-1.81053
-1.80262
-1.7968
-1.79373
-1.79221
-1.78996
-1.78118
-1.78099
-1.77897
-1.77698
-1.77021
-1.76083
-1.75555
-1.74968
-1.7457
-1.74203
-1.74044
-1.73693
-1.73385
-1.73167
-1.72665
-1.72187
-1.71444
-1.70931
-1.70321
-1.69789
-1.69522
-1.69479
-1.6913
-1.68807
-1.68387
-1.68006
-1.67087
-1.66676
-1.66449
-1.65757
-1.65703
-1.65161
-1.64853
-1.6462
-1.64334
-1.63195
-1.62328
-1.62076
-1.61868
-1.61731
-1.61402
-1.61068
-1.60827
-1.60738
-1.60168
-1.5998
-1.59506
-1.59049
-1.58474
-1.58053
-1.57169
-1.5707
-1.56762
-1.56639
-1.5634
-1.55869
-1.55539
-1.55486
-1.55065
-1.54803
-1.54352
-1.5429
-1.53483
-1.52087
-1.51814
-1.5155
-1.51198
-1.51159
-1.50832
-1.50365
-1.50065
-1.49991
-1.49641
-1.48993
-1.48845
-1.48433
-1.47996
-1.47733
-1.47556
-1.47075
-1.46166
-1.45971
-1.45281
-1.45146
-1.44706
-1.44481
-1.44418
-1.43715
-1.435
-1.43342
-1.42693
-1.41982
-1.41697
-1.41126
-1.41033
-1.4066
-1.40213
-1.40187
-1.40063
-1.39338
-1.39294
-1.38506
-1.38011
-1.37826
-1.3731
-1.37066
-1.36987
-1.35941
-1.35562
-1.35364
-1.34839
-1.33944
-1.33427
-1.33021
-1.32769
-1.32677
-1.32607
-1.32141
-1.31582
-1.31168
-1.30894
-1.30724
-1.30687
-1.30439
-1.30249
-1.29179
-1.29034
-1.28411
-1.28158
-1.27908
-1.27534
-1.2739
-1.26316
-1.26006
-1.2584
-1.25004
-1.24938
-1.2447
-1.24088
-1.24014
-1.23392
-1.23119
-1.22598
-1.22578
-1.21931
-1.21629
-1.21584
-1.21346
-1.21215
-1.20898
-1.2074
-1.20583
-1.20263
-1.19886
-1.19647
-1.18819
-1.17878
-1.17852
-1.17226
-1.16175
-1.15946
-1.15338
-1.15174
-1.14437
-1.14245
-1.13813
-1.13239
-1.13113
-1.1309
-1.123
-1.12104
-1.10851
-1.10659
-1.09803
-1.09688
-1.09566
-1.09118
-1.09055
-1.08418
-1.08301
-1.07886
-1.07368
-1.07345
-1.07109
-1.06744
-1.06705
-1.055
-1.05467
-1.05396
-1.05001
-1.04925
-1.04893
-1.04577
-1.04479
-1.04292
-1.03455
-1.03358
-1.02785
-1.02184
-1.01819
-1.01585
-1.01378
-1.00804
-1.00553
-1.0022
-0.999565
-0.997672
-0.993003
-0.984686
-0.980926
-0.976089
-0.970938
-0.970233
-0.968285
-0.961397
-0.957985
-0.953747
-0.948182
-0.94634
-0.9441
-0.935935
-0.933736
-0.925884
-0.924654
-0.922321
-0.914227
-0.910931
-0.902424
-0.902094
-0.897941
-0.893875
-0.888611
-0.886748
-0.883653
-0.882743
-0.879207
-0.879178
-0.869235
-0.867056
-0.863553
-0.859772
-0.856932
-0.855039
-0.851849
-0.850398
-0.846531
-0.84076
-0.838592
-0.835626
-0.833265
-0.829558
-0.822985
-0.818559
-0.817897
-0.816075
-0.815194
-0.808121
-0.804344
-0.802023
-0.801206
-0.798543
-0.796934
-0.792231
-0.790477
-0.787864
-0.782201
-0.772124
-0.77144
-0.766605
-0.763137
-0.761297
-0.759226
-0.758939
-0.757247
-0.753305
-0.750675
-0.749311
-0.738346
-0.727014
-0.721871
-0.717226
-0.716177
-0.711648
-0.710532
-0.698068
-0.696566
-0.696335
-0.693052
-0.691901
-0.676769
-0.669477
-0.667587
-0.662317
-0.660283
-0.658272
-0.653782
-0.652542
-0.648414
-0.642654
-0.631533
-0.63006
-0.628236
-0.623694
-0.621291
-0.620296
-0.616063
-0.614423
-0.609825
-0.604089
-0.595117
-0.592942
-0.590306
-0.585463
-0.579838
-0.579018
-0.572429
-0.567609
-0.567339
-0.555432
-0.554006
-0.548652
-0.547672
-0.546862
-0.544888
-0.539914
-0.537802
-0.53583
-0.535266
-0.529524
-0.528336
-0.52193
-0.518407
-0.517616
-0.512634
-0.510688
-0.507207
-0.504269
-0.502712
-0.497344
-0.492759
-0.486831
-0.48302
-0.479348
-0.476293
-0.474405
-0.471439
-0.468562
-0.466655
-0.464159
-0.458396
-0.452645
-0.449344
-0.447282
-0.44617
-0.439652
-0.431132
-0.427344
-0.425282
-0.419878
-0.419048
-0.416178
-0.412183
-0.411913
-0.402105
-0.39102
-0.388112
-0.382559
-0.37758
-0.377208
-0.371707
-0.369974
-0.366728
-0.361806
-0.358768
-0.353974
-0.352989
-0.344918
-0.339951
-0.333365
-0.330322
-0.325536
-0.316047
-0.310689
-0.304962
-0.301913
-0.298534
-0.296387
-0.294433
-0.292664
-0.281733
-0.28134
-0.279746
-0.274434
-0.272157
-0.270299
-0.265834
-0.263972
-0.262602
-0.259697
-0.256105
-0.254887
-0.253644
-0.247915
-0.24659
-0.240732
-0.239971
-0.233705
-0.230119
-0.226566
-0.2161
-0.214526
-0.212042
-0.211214
-0.210005
-0.205396
-0.204323
-0.197785
-0.196339
-0.195505
-0.19338
-0.191598
-0.180373
-0.180102
-0.176049
-0.173624
-0.172561
-0.168826
-0.165615
-0.162623
-0.156906
-0.154355
-0.152538
-0.147296
-0.144363
-0.140295
-0.134666
-0.131693
-0.12707
-0.126855
-0.125394
-0.120498
-0.114765
-0.112936
-0.108255
-0.1037
-0.0972777
-0.0954105
-0.0881436
-0.0860732
-0.0823851
-0.0786773
-0.0763919
-0.0740314
-0.0730523
-0.0678028
-0.0639528
-0.0627109
-0.05892
-0.0579619
-0.0514446
-0.0425347
-0.041518
-0.0365957
-0.0356905
-0.0327444
-0.0202398
-0.0175477
-0.014404
-0.0121548
-0.0117282
-0.00633529
-0.00564386
0.000840424
0.00450613
0.0118959
0.0137024
0.020688
0.0224654
0.0292171
0.036979
0.0400108
0.0404531
0.0472468
0.050618
0.053143
0.0565658
0.0632129
0.0684061
0.0689183
0.073146
0.0792684
0.0873793
0.0897751
0.0925542
0.0935224
0.100712
0.100824
0.109207
0.109779
0.115949
0.116529
0.119914
0.121266
0.126741
0.127865
0.134104
0.143876
0.14412
0.147358
0.151229
0.155935
0.156465
0.163774
0.166367
0.168046
0.171217
0.17911
0.18149
0.182839
0.186152
0.188242
0.189453
0.19512
0.199134
0.202558
0.209925
0.210594
0.212024
0.217081
0.223267
0.234197
0.237544
0.24144
0.242095
0.246719
0.249207
0.253546
0.254144
0.254377
0.259646
0.261549
0.264547
0.269811
0.273599
0.276193
0.278668
0.283284
0.285687
0.290828
0.292316
0.296582
0.298649
0.299706
0.308176
0.308296
0.310617
0.31502
0.318436
0.321502
0.321851
0.324984
0.327891
0.330447
0.333605
0.336542
0.337461
0.342293
0.342417
0.346228
0.346706
0.34917
0.352229
0.355241
0.357937
0.363908
0.369025
0.371742
0.383155
0.389531
0.394623
0.395261
0.400413
0.401509
0.405734
0.411582
0.412856
0.418641
0.419793
0.430043
0.4323
0.43785
0.439424
0.443209
0.445235
0.448256
0.453911
0.455164
0.456645
0.458948
0.467054
0.467466
0.471255
0.478141
0.482609
0.484671
0.486381
0.491094
0.495684
0.506111
0.506903
0.512228
0.520894
0.52211
0.524444
0.528765
0.529854
0.531505
0.531692
0.532597
0.534956
0.539684
0.545385
0.548097
0.55167
0.554429
0.557435
0.559565
0.568786
0.571979
0.581128
0.584701
0.5863
0.587692
0.591814
0.59435
0.597924
0.599673
0.606307
0.606588
0.610093
0.61029
0.614877
0.616483
0.620376
0.622427
0.62958
0.635304
0.636692
0.63902
0.644883
0.647259
0.648901
0.654693
0.656753
0.670168
0.676004
0.679495
0.683646
0.684249
0.688995
0.689695
0.691743
0.698602
0.700899
0.705822
0.707536
0.709456
0.717749
0.719645
0.724491
0.725064
0.729364
0.732291
0.742002
0.742654
0.746032
0.753725
0.75588
0.756459
0.761129
0.764933
0.768382
0.776875
0.78206
0.782476
0.783973
0.794228
0.796227
0.805799
0.807257
0.812209
0.815531
0.824366
0.826278
0.82869
0.831477
0.840977
0.846089
0.846556
0.848446
0.85354
0.85457
0.858341
0.858533
0.865906
0.876076
0.877477
0.879311
0.882761
0.882986
0.892725
0.897025
0.899929
0.901552
0.903717
0.908287
0.912024
0.91248
0.913871
0.917776
0.919612
0.923172
0.92893
0.931551
0.93414
0.937761
0.938585
0.940251
0.944613
0.9467
0.953125
0.954304
0.95607
0.964843
0.965316
0.968759
0.97336
0.976085
0.981989
0.983738
0.986006
0.987246
0.993898
0.995028
1.00021
1.00198
1.00701
1.00741
1.00926
1.01119
1.01819
1.02085
1.02658
1.02732
1.03032
1.03103
1.03701
1.03767
1.05516
1.05653
1.06099
1.06325
1.06771
1.07164
1.07267
1.07475
1.0766
1.09175
1.09364
1.09503
1.09815
1.09923
1.10239
1.10483
1.11378
1.11485
1.12111
1.12652
1.1283
1.12866
1.13789
1.13988
1.14425
1.14531
1.14768
1.15496
1.15631
1.15779
1.16563
1.17255
1.1743
1.17553
1.17896
1.18225
1.19034
1.19242
1.19256
1.1983
1.20105
1.20463
1.21029
1.21159
1.21775
1.22269
1.22702
1.22775
1.23272
1.2342
1.23565
1.23637
1.24278
1.24602
1.2569
1.2578
1.26262
1.27092
1.27201
1.28408
1.285
1.2868
1.28709
1.29402
1.29581
1.30165
1.30743
1.31675
1.31693
1.32111
1.32746
1.32939
1.33188
1.33258
1.33822
1.33907
1.34244
1.34386
1.35366
1.35488
1.35997
1.36303
1.36351
1.37164
1.37487
1.37508
1.37643
1.37896
1.383
1.3853
1.3895
1.39391
1.3983
1.40006
1.40244
1.40279
1.40718
1.40845
1.41116
1.4138
1.41643
1.41701
1.4246
1.43198
1.43609
1.4382
1.44159
1.44382
1.44929
1.44978
1.4538
1.45881
1.46218
1.46481
1.46886
1.47213
1.47307
1.47813
1.48856
1.4898
1.49266
1.49603
1.50063
1.50162
1.50193
1.50755
1.50935
1.51006
1.51397
1.51409
1.51724
1.51869
1.52195
1.52374
1.53124
1.53336
1.53415
1.54193
1.54233
1.5532
1.55353
1.5562
1.56309
1.56717
1.56917
1.57128
1.57545
1.57591
1.57844
1.5809
1.58363
1.59105
1.59646
1.59871
1.6005
1.60282
1.60915
1.61686
1.61767
1.62429
1.62937
1.63409
1.63935
1.63954
1.64682
1.65046
1.65791
1.66009
1.66919
1.67102
1.67452
1.67694
1.67887
1.68254
1.68525
1.68633
1.68918
1.69314
1.69881
1.7011
1.70338
1.7039
1.70805
1.70827
1.71212
1.71697
1.72304
1.72445
1.72793
1.72929
1.74095
1.74354
1.74592
1.7479
1.74858
1.75444
1.75825
1.75848
1.76134
1.77056
1.77298
1.77447
1.77522
1.77614
1.78014
1.78134
1.78423
1.78673
1.79852
1.80322
1.80412
1.80425
1.81424
1.81526
1.8192
1.82465
1.82557
1.82565
1.83684
1.83781
1.84034
1.84162
1.84955
1.84966
1.85197
1.85304
1.85358
1.86458
1.87053
1.87511
1.87635
1.88325
1.8868
1.88776
1.88988
1.8903
1.89859
1.89876
1.90164
1.90199
1.90787
1.91357
1.91654
1.91991
1.92459
1.9257
1.92697
1.93267
1.93302
1.93825
1.94957
1.9547
1.95502
1.95791
1.96233
1.97079
1.97419
1.97723
1.97992
1.9844
1.98902
1.9925
2.00081
2.00271
2.00843
2.01148
2.018
2.02763
2.02833
2.03374
2.03823
2.03909
2.04836
2.0501
2.05251
2.05307
2.0548
2.05714
2.06341
2.06827
2.06957
2.07159
2.07996
2.08133
2.08624
2.09239
2.09551
2.10259
2.10639
2.10718
2.11184
2.11527
2.11945
2.12035
2.12271
2.12648
2.13082
2.13345
2.13615
2.14313
2.1473
2.1492
2.15555
2.15712
2.15803
2.1602
2.1611
2.16689
2.16801
2.17195
2.17681
2.17944
2.183
2.18663
2.1891
2.19855
2.19887
2.20288
2.20534
2.21281
2.21526
2.21756
2.22062
2.22108
2.23085
2.23098
2.23281
2.24575
2.25032
2.25051
2.25526
2.25902
2.26404
2.26427
2.26588
2.26736
2.26832
2.27034
2.27909
2.28052
2.28436
2.2891
2.28982
2.29313
2.30572
2.30856
2.31312
2.31409
2.31768
2.32163
2.3224
2.32754
2.32814
2.33674
2.33743
2.33859
2.34314
2.34627
2.34842
2.35491
2.35813
2.36447
2.36454
2.37013
2.37783
2.37796
2.37977
2.38007
2.38954
2.39338
2.39847
2.40315
2.40883
2.41196
2.41252
2.41597
2.4243
2.42668
2.42795
2.43022
2.43688
2.44273
2.44399
2.44825
2.45087
2.45322
2.4642
2.46469
2.46588
2.46753
2.47255
2.47465
2.47679
2.48221
2.48239
2.48888
2.49125
2.49248
2.50191
2.50543
2.50697
2.51073
2.5132
2.52134
2.52407
2.52499
2.53437
2.53509
2.53787
2.54157
2.54212
2.54548
2.54657
2.5541
2.55433
2.55886
2.55985
2.56797
2.5721
2.57336
2.57684
2.58229
2.58495
2.58808
2.59242
2.5959
2.59975
2.60446
2.60713
2.6083
2.61017
2.6215
2.62378
2.62486
2.62655
2.63184
2.63388
2.64098
2.6454
2.65029
2.65304
2.65548
2.65603
2.667
2.67
2.67995
2.68159
2.68442
2.68459
2.68973
2.69307
2.70197
2.70321
2.70785
2.71199
2.71265
2.71374
2.7169
2.72032
2.7282
2.73042
2.73323
2.74202
2.74886
2.75099
2.7548
2.75664
2.76182
2.76525
2.77053
2.77069
2.77787
2.78262
2.78718
2.79238
2.79455
2.79984
2.80202
2.80315
2.81361
2.82225
2.82404
2.82963
2.83207
2.83368
2.83874
2.84106
2.84511
2.84622
2.85091
2.85559
2.85972
2.86419
2.8668
2.86804
2.86869
2.87536
2.87692
2.878
2.88071
2.89026
2.89184
2.89582
2.89864
2.90073
2.90838
2.91508
2.91713
2.92428
2.92711
2.92827
2.93345
2.93762
2.94795
2.94922
2.95109
2.96075
2.96638
2.96803
2.96923
2.97073
2.9818
2.98246
2.98425
2.9896
2.99665
2.99872
3.00033
3.00302
3.00481
3.01013
3.01095
3.01162
3.01319
3.01614
3.01636
3.02449
3.02637
3.03123
3.03758
3.03941
3.04236
3.04636
3.04823
3.05593
3.05709
3.05849
3.06277
3.06958
3.07187
3.0726
3.0821
3.08497
3.08799
3.09761
3.10327
3.10437
3.10581
3.10862
3.1153
3.12324
3.12789
3.13205
3.13796
3.13876
3.14066
3.14613
3.15346
3.15866
3.15948
3.16361
3.16942
3.17021
3.17911
3.18109
3.18445
3.18828
3.18855
3.19255
3.20573
3.20658
3.20825
3.21138
3.21622
3.21745
3.23175
3.23466
3.23555
3.2387
3.23895
3.24418
3.24535
3.25131
3.25603
3.25628
3.25942
3.26196
3.26786
3.26896
3.27688
3.27959
3.28827
3.29352
3.30012
3.30249
3.31218
3.31518
3.31565
3.32172
3.32726
3.32808
3.33051
3.33636
3.33814
3.34027
3.34301
3.34894
3.35301
3.356
3.35737
3.36187
3.37048
3.37188
3.37575
3.38045
3.3843
3.3858
3.38598
3.3891
3.38956
3.39801
3.40277
3.40342
3.40776
3.41075
3.4143
3.42073
3.42129
3.42739
3.42773
3.43264
3.43813
3.44136
3.44603
3.44783
3.45162
3.45944
3.46475
3.46992
3.47466
3.47471
3.47776
3.48335
3.49146
3.49293
3.49607
3.50232
3.50729
3.508
3.51043
3.51524
3.51964
3.52466
3.52678
3.52697
3.52992
3.53466
3.53655
3.54245
3.54485
3.54755
3.5483
3.5548
3.55778
3.5579
3.5685
3.56871
3.57178
3.57381
3.57467
3.58289
3.58312
3.58783
3.59411
3.59891
3.60056
3.60825
3.61399
3.61435
3.62269
3.62833
3.63108
3.63346
3.63377
3.63857
3.64235
3.64603
3.64688
3.65073
3.65108
3.65989
3.66274
3.66672
3.66888
3.67174
3.6733
3.675
3.68006
3.68419
3.69069
3.6948
3.7014
3.70522
3.71446
3.71598
3.71841
3.71892
3.72681
3.73908
3.74003
3.74584
3.74612
3.74863
3.75545
3.76342
3.7647
3.76991
3.77513
3.77935
3.78004
3.78612
3.80245
3.80373
3.80543
3.80812
3.81395
3.81423
3.82139
3.82189
3.83036
3.83417
3.84544
3.8456
3.84737
3.84785
3.85154
3.86217
3.86608
3.86863
3.86971
3.87536
3.87907
3.88893
3.88906
3.89243
3.89424
3.89748
3.90031
3.90358
3.91094
3.91412
3.91691
3.92018
3.92255
3.92748
3.93024
3.93498
3.93592
3.94284
3.94919
3.95403
3.95828
3.97064
3.97134
3.97533
3.97916
3.98628
3.99004
3.99088
3.99391
3.99901
4.00363
4.00422
4.01003
4.01377
4.01619
4.01975
4.02431
4.03338
4.03924
4.03991
4.04014
4.0487
4.0502
4.05821
4.06487
4.06569
4.0658
4.07483
4.07499
4.07869
4.08684
4.08828
4.09055
4.10034
4.10131
4.10547
4.10869
4.11924
4.12375
4.12426
4.13041
4.13482
4.14259
4.14771
4.15119
4.15576
4.15661
4.16142
4.16412
4.16589
4.17756
4.18049
4.18088
4.18508
4.19095
4.19356
4.19619
4.20157
4.21258
4.2129
4.21981
4.22274
4.22451
4.23004
4.23186
4.23447
4.23862
4.24631
4.24919
4.25645
4.26439
4.2673
4.27109
4.27367
4.27508
4.28049
4.28371
4.28818
4.29091
4.29716
4.30259
4.30564
4.31376
4.31484
4.32407
4.32435
4.32963
4.33048
4.33838
4.33997
4.34591
4.35043
4.35053
4.3586
4.35978
4.36632
4.36824
4.37063
4.37455
4.38993
4.39005
4.39316
4.39728
4.40473
4.40487
4.40938
4.41332
4.41624
4.42598
4.42931
4.43258
4.43482
4.43859
4.44939
4.45091
4.45312
4.45344
4.45803
4.45933
4.46239
4.46519
4.47955
4.48445
4.48885
4.49345
4.49499
4.49731
4.49974
4.51198
4.51582
4.51648
4.51873
4.52567
4.52692
4.53104
4.53924
4.54142
4.54667
4.55117
4.55778
4.56125
4.56409
4.5684
4.57306
4.57368
4.5789
4.58197
4.58607
4.58924
4.59955
4.6052
4.60735
4.608
4.61156
4.61867
4.62925
4.62975
4.63279
4.64269
4.6488
4.64997
4.65546
4.65581
4.66655
4.67103
4.67205
4.6758
4.68086
4.68164
4.68297
4.7001
4.70231
4.71067
4.71127
4.71925
4.72403
4.72545
4.72639
4.72872
4.72875
4.73929
4.74687
4.7476
4.75408
4.7592
4.76164
4.76544
4.7693
4.77104
4.77666
4.78236
4.78361
4.78966
4.79944
4.80081
4.80548
4.80706
4.8126
4.81473
4.81745
4.82158
4.82419
4.82555
4.82805
4.83727
4.83741
4.84837
4.85359
4.85735
4.85937
4.86181
4.87105
4.87117
4.87446
4.88291
4.88355
4.88878
4.89196
4.89895
4.90472
4.90606
4.91199
4.91637
4.91758
4.92105
4.92862
4.93515
4.93537
4.945
4.94956
4.95382
4.96354
4.96581
4.96653
4.96991
4.97703
4.98508
4.98621
4.99351
4.99636
5.00381
5.00581
5.0104
5.01988
5.02605
5.03154
5.03744
5.04186
5.04794
5.0573
5.06122
5.06445
5.06748
5.06898
5.07868
5.0839
5.0896
5.09393
5.09891
5.10539
5.11032
5.11038
5.12361
5.12602
5.13825
5.13919
5.14549
5.15511
5.15559
5.16429
5.16685
5.17356
5.17417
5.18438
5.18712
5.18782
5.201
5.20177
5.20572
5.20835
5.21627
5.21946
5.22107
5.22348
5.22729
5.22945
5.23704
5.23985
5.24447
5.24885
5.25286
5.25373
5.25491
5.26038
5.26662
5.271
5.28135
5.28251
5.28485
5.28883
5.29238
5.29855
5.3056
5.31461
5.31743
5.32114
5.32569
5.32977
5.33169
5.33673
5.34293
5.34579
5.35017
5.35293
5.36773
5.37001
5.37298
5.38422
5.38569
5.38713
5.39508
5.39962
5.40474
5.40668
5.41034
5.41092
5.41706
5.42142
5.42924
5.43881
5.44752
5.44876
5.45079
5.45186
5.45576
5.45709
5.4689
5.47887
5.48041
5.48315
5.48417
5.48963
5.49061
5.49273
5.49557
5.49947
5.50297
5.51463
5.51905
5.52352
5.52851
5.53021
5.53174
5.54709
5.55012
5.55307
5.55686
5.57025
5.57322
5.57515
5.5818
5.58831
5.59064
5.59427
5.59907
5.60051
5.60371
5.61292
5.61821
5.62167
5.63014
5.63626
5.63813
5.64301
5.65263
5.65309
5.65452
5.66139
5.67084
5.67153
5.67485
5.68021
5.6847
5.68917
5.69835
5.70356
5.70418
5.71706
5.71714
5.72938
5.73717
5.7385
5.74004
5.74729
5.75208
5.76199
5.77437
5.78073
5.78218
5.78529
5.78763
5.80008
5.80181
5.80224
5.81392
5.81671
5.82155
5.82743
5.83197
5.83507
5.83611
5.8449
5.85685
5.859
5.86465
5.86539
5.88267
5.88295
5.88765
5.88945
5.89248
5.89427
5.8982
5.89869
5.91167
5.9152
5.91656
5.92043
5.93139
5.93292
5.935
5.94235
5.94321
5.95054
5.95745
5.96802
5.96916
5.9704
5.97952
5.98246
5.99175
5.99312
5.99834
5.99908
6.00948
6.01177
6.02237
6.02632
6.03806
6.03997
6.04111
6.05112
6.05854
6.06513
6.07156
6.07368
6.0779
6.07896
6.09049
6.09225
6.09767
6.10533
6.10966
6.11721
6.1191
6.12912
6.13394
6.13527
6.14686
6.15135
6.1596
6.16388
6.17326
6.17543
6.17727
6.18486
6.18905
6.18934
6.20502
6.2111
6.21884
6.22462
6.23344
6.2421
6.24606
6.25578
6.25743
6.26182
6.27406
6.27835
6.28859
6.29542
6.29872
6.29987
6.31954
6.32059
6.32466
6.32795
6.33586
6.34443
6.34501
6.34816
6.3555
6.35614
6.36273
6.36704
6.37119
6.38375
6.38444
6.39177
6.39694
6.4041
6.40641
6.40853
6.41138
6.41767
6.42405
6.42595
6.43658
6.43804
6.44091
6.4475
6.44863
6.45155
6.46168
6.46968
6.47328
6.47365
6.48732
6.49689
6.50619
6.50857
6.51527
6.51706
6.51823
6.53231
6.54001
6.54283
6.5477
6.55935
6.55988
6.57213
6.57301
6.58283
6.58561
6.58714
6.5939
6.60359
6.61064
6.61381
6.61643
6.61975
6.6281
6.63252
6.63674
6.63806
6.6419
6.65679
6.67817
6.68274
6.68357
6.68988
6.69397
6.69796
6.71122
6.71236
6.715
6.72058
6.72527
6.72535
6.73458
6.74617
6.74905
6.75541
6.76354
6.77195
6.7761
6.77803
6.78667
6.78884
6.802
6.80334
6.81963
6.82394
6.82798
6.83634
6.8448
6.8502
6.85261
6.86128
6.86852
6.87217
6.87556
6.87989
6.88809
6.89609
6.90945
6.91241
6.91791
6.92426
6.93502
6.94216
6.94601
6.95453
6.97011
6.97337
6.984
6.9862
6.98933
7.00028
7.00741
7.01264
7.0169
7.02555
7.02962
7.03267
7.04481
7.04945
7.05247
7.05754
7.0628
7.08028
7.08379
7.08943
7.09339
7.09459
7.10881
7.1118
7.11768
7.1225
7.13051
7.13992
7.1427
7.14872
7.15208
7.15292
7.16109
7.16872
7.17536
7.18011
7.18626
7.20138
7.20682
7.21838
7.23024
7.23042
7.2359
7.24202
7.24467
7.25213
7.25535
7.26815
7.27035
7.28571
7.28924
7.29718
7.30342
7.30407
7.31535
7.31969
7.32491
7.327
7.33195
7.3396
7.3527
7.35519
7.3555
7.3663
7.37562
7.39344
7.39361
7.39469
7.40186
7.415
7.42502
7.43075
7.44356
7.44717
7.45368
7.45742
7.46339
7.47423
7.4848
7.48762
7.49149
7.49788
7.50756
7.51421
7.52468
7.54046
7.54402
7.5488
7.55663
7.56005
7.56949
7.57506
7.5779
7.59025
7.61036
7.61406
7.61689
7.62321
7.62478
7.64577
7.65477
7.66427
7.67557
7.68232
7.68382
7.6878
7.70039
7.70449
7.70583
7.71292
7.71349
7.73792
7.75368
7.7553
7.76089
7.77404
7.77933
7.78195
7.78837
7.79046
7.79538
7.80104
7.80421
7.82464
7.83457
7.83893
7.85061
7.85301
7.85879
7.86405
7.86442
7.87166
7.87515
7.89063
7.8914
7.89681
7.89707
7.90759
7.92489
7.92812
7.94046
7.94323
7.94889
7.95644
7.96625
7.96901
7.9788
7.98514
7.99729
8.00508
8.00709
8.03589
8.04001
8.04306
8.04599
8.05713
8.05981
8.07446
8.07922
8.10158
8.10397
8.11402
8.1173
8.1253
8.13815
8.1412
8.15586
8.16266
8.16965
8.17133
8.17455
8.19955
8.20428
8.2067
8.21425
8.22738
8.23853
8.24305
8.25221
8.25509
8.25596
8.27404
8.28868
8.29669
8.30026
8.31583
8.32012
8.33214
8.33886
8.33909
8.3659
8.36683
8.37373
8.37933
8.39402
8.39449
8.42771
8.44155
8.44351
8.45051
8.45115
8.4716
8.48286
8.49148
8.49752
8.50127
8.5242
8.53648
8.54444
8.55736
8.5673
8.57627
8.58686
8.60153
8.61364
8.63782
8.64873
8.65611
8.65994
8.66192
8.66518
8.66991
8.68904
8.69146
8.7008
8.70429
8.70882
8.71606
8.71652
8.74162
8.74609
8.75096
8.77615
8.79054
8.79206
8.81069
8.81301
8.82553
8.82879
8.83989
8.8487
8.85072
8.88618
8.8903
8.90164
8.90524
8.91624
8.91735
8.92144
8.94653
8.95337
8.96588
8.97343
8.97374
8.99468
9.01176
9.0187
9.02376
9.04201
9.05404
9.06108
9.06149
9.08541
9.08777
9.09542
9.11076
9.11229
9.12225
9.13971
9.14944
9.16541
9.16773
9.18902
9.18949
9.19389
9.23732
9.23785
9.24096
9.25695
9.26558
9.27006
9.27056
9.31092
9.32542
9.35442
9.36368
9.36823
9.37503
9.38218
9.39423
9.41514
9.41865
9.41899
9.43417
9.44335
9.45954
9.46362
9.48005
9.48695
9.49754
9.52258
9.52815
9.53831
9.53885
9.57035
9.59369
9.61278
9.6228
9.6311
9.64466
9.66098
9.66734
9.6741
9.69186
9.69941
9.73624
9.7405
9.74574
9.77905
9.78509
9.79683
9.81005
9.82983
9.84348
9.84735
9.86852
9.87043
9.88756
9.90287
9.90514
9.91989
9.96093
9.97076
9.98044
9.98895
10.0054
10.0291
10.0656
10.0791
10.0902
10.0972
10.0975
10.1286
10.1575
10.1588
10.1616
10.1881
10.1962
10.2017
10.2173
10.2444
10.2567
10.2932
10.3153
10.3209
10.329
10.3434
10.3551
10.3717
10.3723
10.4027
10.4255
10.4532
10.4584
10.4652
10.4719
10.4926
10.5524
10.5794
10.5933
10.5952
10.6119
10.6181
10.6312
10.6425
10.6453
10.6634
10.6872
10.6959
10.7053
10.7679
10.7817
10.7911
10.8425
10.8448
10.8594
10.8859
10.9019
10.9169
10.9275
10.9457
10.9614
10.9867
10.9892
11.0007
11.0334
11.0741
11.1213
11.1309
11.1571
11.1797
11.196
11.2256
11.2516
11.2701
11.3051
11.351
11.4082
11.4136
11.4355
11.4533
11.4878
11.5009
11.5454
11.5469
11.5706
11.6107
11.6311
11.6711
11.7053
11.7229
11.7716
11.7848
11.8194
11.8273
11.8278
11.8985
11.926
11.9732
12.0024
12.0474
12.0688
12.1136
12.1213
12.1588
12.2087
12.2538
12.2752
12.3079
12.3638
12.4108
12.5135
12.5579
12.5615
12.5805
12.7175
12.7585
12.7751
12.8459
12.9142
12.923
12.9508
13.05
13.0985
13.1068
13.2197
13.2849
13.4003
13.4348
13.6162
13.6426
13.6926
13.7623
13.8904
13.9112
14.1126
14.133
14.2888
14.4729
14.6473
14.8494
15.0304
15.415
15.7627
16.2975
