-18.6524
-14.4948
-14.4947
-13.3404
-13.3067
-13.1526
-12.956
-12.7416
-12.5395
-12.3861
-11.2725
-11.2724
-10.7084
-10.7083
-10.3372
-10.2377
-10.1974
-10.1124
-10.031
-9.30189
-9.30179
-9.17546
-9.17507
-9.10624
-9.10597
-8.8823
-8.88206
-8.60262
-8.60203
-8.42109
-8.40481
-8.34829
-8.33339
-8.32553
-8.18713
-8.18401
-7.94712
-7.68272
-7.59118
-7.46795
-7.45774
-7.43555
-7.36588
-7.24458
-7.1588
-7.15848
-7.11505
-7.11479
-7.11366
-7.07496
-6.87613
-6.7086
-6.69886
-6.55335
-6.55163
-6.54954
-6.32247
-6.31476
-6.26111
-6.15418
-6.06354
-6.06139
-5.98445
-5.97498
-5.93777
-5.93379
-5.93106
-5.82312
-5.8041
-5.74992
-5.70425
-5.69889
-5.65568
-5.47452
-5.47306
-5.40176
-5.39799
-5.23528
-5.232
-5.21493
-5.21475
-5.16693
-5.12644
-5.12461
-5.12379
-5.04534
-5.00067
-4.87165
-4.83628
-4.83327
-4.77538
-4.73721
-4.73527
-4.58514
-4.579
-4.52085
-4.47634
-4.43906
-4.42917
-4.32621
-4.29482
-4.24947
-4.22492
-4.21672
-4.10827
-4.07743
-4.06206
-4.06004
-4.01505
-3.9847
-3.92887
-3.89336
-3.88193
-3.7962
-3.77908
-3.68841
-3.66306
-3.59518
-3.55961
-3.54147
-3.4457
-3.41854
-3.36183
-3.36139
-3.3477
-3.3408
-3.32963
-3.32702
-3.29784
-3.29701
-3.28579
-3.28223
-3.18089
-3.08762
-3.06173
-3.04822
-3.02421
-3.00027
-2.97688
-2.96444
-2.89496
-2.88181
-2.83411
-2.82638
-2.81386
-2.77787
-2.73442
-2.65961
-2.6373
-2.5501
-2.53952
-2.52569
-2.48884
-2.48843
-2.47188
-2.38915
-2.30313
-2.25592
-2.25441
-2.17838
-2.16556
-2.14179
-2.13238
-2.0986
-2.04575
-2.02382
-1.99139
-1.97051
-1.96658
-1.93303
-1.9202
-1.86086
-1.83359
-1.8318
-1.79379
-1.78885
-1.77563
-1.7604
-1.75523
-1.71577
-1.66277
-1.64018
-1.63937
-1.62947
-1.60983
-1.56829
-1.53671
-1.49465
-1.42961
-1.42336
-1.40841
-1.38376
-1.37702
-1.35816
-1.33832
-1.33102
-1.31636
-1.29878
-1.18089
-1.16233
-1.12791
-1.07436
-1.05516
-1.04806
-1.04765
-1.03733
-0.945105
-0.935689
-0.892761
-0.877901
-0.8631
-0.842967
-0.817024
-0.798877
-0.774416
-0.740145
-0.716826
-0.671701
-0.637543
-0.597348
-0.56684
-0.566495
-0.543495
-0.527844
-0.495728
-0.451886
-0.356949
-0.356714
-0.310363
-0.279845
-0.274442
-0.242457
-0.239516
-0.221744
-0.185639
-0.183256
-0.128418
-0.104757
-0.0600413
-0.0594699
0.0028337
0.0154231
0.0527799
0.069181
0.0772772
0.0779738
0.0892475
0.0898663
0.0959129
0.120928
0.12694
0.128055
0.251484
0.254495
0.29384
0.387212
0.389245
0.401644
0.408322
0.415125
0.426131
0.467035
0.526955
0.528353
0.547121
0.555412
0.575295
0.595983
0.599502
0.678173
0.699694
0.727875
0.750553
0.754633
0.768803
0.819443
0.827264
0.85165
0.86216
0.880535
0.888963
0.913267
0.941942
0.962506
0.971295
1.04255
1.05493
1.08947
1.10888
1.15383
1.15424
1.23527
1.24207
1.27583
1.31437
1.31898
1.37188
1.37652
1.40874
1.40944
1.44994
1.45947
1.4644
1.47581
1.56112
1.59656
1.60549
1.62872
1.6324
1.64556
1.64714
1.68181
1.74962
1.77389
1.78661
1.84071
1.86893
1.8866
1.89072
1.93707
1.95455
1.98707
1.99188
2.06894
2.09227
2.09512
2.13152
2.13182
2.14449
2.1552
2.15759
2.26486
2.26648
2.26854
2.32584
2.32781
2.35725
2.36838
2.38588
2.39517
2.43601
2.44737
2.49871
2.52709
2.54981
2.58089
2.58965
2.61925
2.62258
2.63641
2.64964
2.68763
2.69383
2.72343
2.85014
2.8674
2.94859
2.95924
2.97577
2.98124
3.01733
3.03105
3.04852
3.07278
3.08907
3.1202
3.14822
3.17087
3.21423
3.21709
3.30132
3.31036
3.3237
3.33582
3.38242
3.40515
3.41372
3.43405
3.48878
3.53046
3.57737
3.61064
3.62309
3.64082
3.66183
3.69513
3.69977
3.73761
3.76186
3.77022
3.79795
3.82003
3.86796
3.87449
3.88469
4.00568
4.01782
4.02221
4.04603
4.12994
4.15564
4.15993
4.20833
4.21478
4.22487
4.25938
4.31947
4.3541
4.38647
4.39948
4.40727
4.43243
4.49025
4.51867
4.54116
4.57696
4.58612
4.61948
4.71093
4.76608
4.78118
4.80395
4.85759
4.88739
4.89528
4.93149
4.97258
4.97989
4.98182
5.07856
5.11035
5.14818
5.18325
5.20718
5.23282
5.24463
5.36047
5.4353
5.44167
5.48041
5.51486
5.56222
5.58761
5.62268
5.65074
5.69642
5.75684
5.78751
5.81269
5.85788
5.86846
5.94373
5.99555
6.03024
6.06964
6.17623
6.18034
6.2752
6.31457
6.32879
6.33857
6.44153
6.4763
6.5135
6.54143
6.59262
6.64901
6.67849
6.71365
6.72333
6.78998
6.85189
6.92142
7.03425
7.09321
7.11356
7.17116
7.26026
7.32081
7.371
7.37827
7.43072
7.43744
7.59523
7.69085
7.71594
7.81089
7.83634
7.90278
8.0534
8.15691
8.16886
8.40285
8.46779
8.60196
8.62814
8.74873
8.8895
8.90604
8.96717
9.15222
9.52579
9.54365
9.56072
9.77984
10.0206
10.083
10.4916
10.5813
11.0888
11.5627
12.2418
