-11.1096
-10.7792
-10.1276
-9.79731
-9.50278
-9.17247
-8.92177
-8.59146
-8.52084
-8.40044
-8.19052
-8.07012
-7.953
-7.93983
-7.62269
-7.60951
-7.59167
-7.4185
-7.3263
-7.31499
-7.26135
-7.16412
-7.08818
-6.99598
-6.98467
-6.97106
-6.8338
-6.79366
-6.64074
-6.60973
-6.46334
-6.34622
-6.34435
-6.33305
-6.27941
-6.21265
-6.18218
-6.0159
-6.01404
-6.00273
-5.98489
-5.88233
-5.85186
-5.81172
-5.76521
-5.71951
-5.65457
-5.55734
-5.4814
-5.43489
-5.40388
-5.3892
-5.36428
-5.24388
-5.2307
-5.22702
-5.1385
-5.07356
-5.03396
-5.00295
-4.97633
-4.91356
-4.90039
-4.88254
-4.80819
-4.78327
-4.73757
-4.67263
-4.64601
-4.61717
-4.60586
-4.5754
-4.55223
-4.45499
-4.45295
-4.43511
-4.42194
-4.40726
-4.28685
-4.27555
-4.26194
-4.24508
-4.16973
-4.15843
-4.15656
-4.12468
-4.10479
-4.09162
-4.00756
-3.99439
-3.93162
-3.9006
-3.83942
-3.82811
-3.82624
-3.8084
-3.7971
-3.67724
-3.66407
-3.64623
-3.6371
-3.63523
-3.62392
-3.57028
-3.53172
-3.47808
-3.47305
-3.46678
-3.45317
-3.38085
-3.36955
-3.31591
-3.30678
-3.30491
-3.29361
-3.27576
-3.2014
-3.18779
-3.17649
-3.14273
-3.12285
-3.05608
-3.05053
-3.03923
-3.02562
-3.01039
-2.94545
-2.85748
-2.84821
-2.84617
-2.82833
-2.82646
-2.81515
-2.72577
-2.6953
-2.69475
-2.68007
-2.66428
-2.65515
-2.56295
-2.54978
-2.5179
-2.49801
-2.49614
-2.48484
-2.42938
-2.40078
-2.39891
-2.3876
-2.36443
-2.33397
-2.32484
-2.29382
-2.2672
-2.24732
-2.23264
-2.21946
-2.20162
-2.09906
-2.07414
-2.07046
-2.06859
-2.05729
-2.03944
-2.02845
-1.98194
-1.9635
-1.93688
-1.917
-1.8713
-1.86627
-1.84638
-1.81977
-1.77407
-1.74383
-1.72598
-1.71281
-1.70913
-1.69813
-1.65162
-1.62061
-1.58101
-1.53595
-1.51607
-1.48945
-1.46061
-1.45843
-1.4493
-1.44744
-1.44375
-1.41883
-1.39566
-1.38249
-1.29843
-1.29029
-1.28526
-1.26537
-1.25069
-1.21968
-1.19306
-1.13029
-1.12812
-1.11899
-1.11712
-1.09928
-1.08852
-1.08797
-1.0575
-1
-0.968115
-0.954942
-0.937099
-0.935057
-0.889361
-0.862741
-0.837824
-0.822596
-0.792128
-0.768958
-0.757653
-0.74404
-0.727184
-0.671725
-0.669683
-0.66042
-0.65184
-0.640534
-0.638667
-0.606782
-0.507506
-0.492279
-0.489663
-0.478666
-0.476491
-0.467361
-0.46181
-0.413723
-0.37516
-0.341408
-0.330102
-0.321522
-0.31649
-0.310217
-0.30835
-0.224289
-0.212984
-0.211117
-0.159346
-0.148349
-0.146173
-0.137044
-0.119201
-0.117333
-0.106028
-0.0448429
-0.0138273
0.0138273
0.0448429
0.106028
0.117333
0.119201
0.137044
0.146173
0.148349
0.159346
0.211117
0.212984
0.224289
0.30835
0.310217
0.31649
0.321522
0.330102
0.341408
0.37516
0.413723
0.46181
0.467361
0.476491
0.478666
0.489663
0.492279
0.507506
0.606782
0.638667
0.640534
0.65184
0.66042
0.669683
0.671725
0.727184
0.74404
0.757653
0.768958
0.792128
0.822596
0.837824
0.862741
0.889361
0.935057
0.937099
0.954942
0.968115
1
1.0575
1.08797
1.08852
1.09928
1.11712
1.11899
1.12812
1.13029
1.19306
1.21968
1.25069
1.26537
1.28526
1.29029
1.29843
1.38249
1.39566
1.41883
1.44375
1.44744
1.4493
1.45843
1.46061
1.48945
1.51607
1.53595
1.58101
1.62061
1.65162
1.69813
1.70913
1.71281
1.72598
1.74383
1.77407
1.81977
1.84638
1.86627
1.8713
1.917
1.93688
1.9635
1.98194
2.02845
2.03944
2.05729
2.06859
2.07046
2.07414
2.09906
2.20162
2.21946
2.23264
2.24732
2.2672
2.29382
2.32484
2.33397
2.36443
2.3876
2.39891
2.40078
2.42938
2.48484
2.49614
2.49801
2.5179
2.54978
2.56295
2.65515
2.66428
2.68007
2.69475
2.6953
2.72577
2.81515
2.82646
2.82833
2.84617
2.84821
2.85748
2.94545
3.01039
3.02562
3.03923
3.05053
3.05608
3.12285
3.14273
3.17649
3.18779
3.2014
3.27576
3.29361
3.30491
3.30678
3.31591
3.36955
3.38085
3.45317
3.46678
3.47305
3.47808
3.53172
3.57028
3.62392
3.63523
3.6371
3.64623
3.66407
3.67724
3.7971
3.8084
3.82624
3.82811
3.83942
3.9006
3.93162
3.99439
4.00756
4.09162
4.10479
4.12468
4.15656
4.15843
4.16973
4.24508
4.26194
4.27555
4.28685
4.40726
4.42194
4.43511
4.45295
4.45499
4.55223
4.5754
4.60586
4.61717
4.64601
4.67263
4.73757
4.78327
4.80819
4.88254
4.90039
4.91356
4.97633
5.00295
5.03396
5.07356
5.1385
5.22702
5.2307
5.24388
5.36428
5.3892
5.40388
5.43489
5.4814
5.55734
5.65457
5.71951
5.76521
5.81172
5.85186
5.88233
5.98489
6.00273
6.01404
6.0159
6.18218
6.21265
6.27941
6.33305
6.34435
6.34622
6.46334
6.60973
6.64074
6.79366
6.8338
6.97106
6.98467
6.99598
7.08818
7.16412
7.26135
7.31499
7.3263
7.4185
7.59167
7.60951
7.62269
7.93983
7.953
8.07012
8.19052
8.40044
8.52084
8.59146
8.92177
9.17247
9.50278
9.79731
10.1276
10.7792
11.1096
