-14.926
-14.6748
-14.1764
-13.9253
-13.6899
-13.4387
-13.2229
-12.9717
-12.9404
-12.7827
-12.6892
-12.5315
-12.4733
-12.3763
-12.2222
-12.1251
-12.0331
-12.0101
-11.9868
-11.782
-11.7589
-11.7356
-11.6899
-11.6267
-11.5466
-11.4387
-11.4207
-11.3756
-11.2954
-11.2606
-11.2373
-11.2069
-11.1696
-11.1402
-11.0795
-11.0516
-11.0094
-10.9861
-10.9575
-10.9557
-10.9404
-10.889
-10.8284
-10.8005
-10.7971
-10.774
-10.7064
-10.6892
-10.6732
-10.6712
-10.5459
-10.5229
-10.4573
-10.4538
-10.422
-10.4201
-10.3907
-10.33
-10.307
-10.3021
-10.233
-10.208
-10.2062
-10.2027
-10.1847
-10.1395
-10.0789
-10.0558
-10.051
-10.0245
-9.98679
-9.98181
-9.9708
-9.95682
-9.93351
-9.92363
-9.86679
-9.84348
-9.81557
-9.77334
-9.73562
-9.72144
-9.71964
-9.71763
-9.70431
-9.67247
-9.61563
-9.59232
-9.56441
-9.55745
-9.5466
-9.50375
-9.48344
-9.47028
-9.46647
-9.4604
-9.45315
-9.43709
-9.43515
-9.34852
-9.30629
-9.29543
-9.27744
-9.2544
-9.25259
-9.23726
-9.23228
-9.22127
-9.20924
-9.18593
-9.18399
-9.14021
-9.11726
-9.09736
-9.09395
-9.07091
-9.06605
-9.06356
-9.02628
-9.00323
-8.9969
-8.9861
-8.97192
-8.97011
-8.9681
-8.90833
-8.88905
-8.87105
-8.8661
-8.84279
-8.81975
-8.81488
-8.81421
-8.8124
-8.79707
-8.77403
-8.75422
-8.75072
-8.74574
-8.72076
-8.71694
-8.71088
-8.68756
-8.65717
-8.65717
-8.63072
-8.61989
-8.599
-8.56304
-8.54591
-8.52985
-8.52791
-8.52287
-8.50487
-8.50487
-8.50306
-8.50194
-8.49956
-8.48156
-8.45971
-8.4364
-8.40782
-8.40601
-8.39068
-8.37956
-8.34783
-8.32139
-8.31403
-8.31053
-8.29099
-8.27869
-8.27675
-8.26768
-8.25371
-8.25371
-8.25078
-8.24737
-8.2304
-8.22433
-8.18468
-8.16367
-8.15881
-8.15665
-8.13952
-8.13576
-8.12152
-8.11245
-8.07022
-8.06468
-8.06287
-8.05937
-8.04164
-8.04137
-8.03983
-8.0245
-8.01833
-8.01652
-8.00119
-7.99621
-7.97317
-7.9708
-7.93351
-7.91251
-7.90764
-7.90764
-7.90414
-7.8846
-7.8812
-7.87036
-7.86129
-7.84348
-7.82749
-7.81557
-7.81352
-7.79048
-7.79021
-7.78033
-7.77334
-7.76717
-7.75728
-7.75534
-7.75242
-7.75003
-7.73203
-7.72144
-7.71964
-7.70164
-7.67226
-7.65829
-7.65648
-7.65298
-7.63498
-7.63003
-7.59232
-7.57814
-7.57633
-7.57432
-7.56441
-7.561
-7.54641
-7.54147
-7.53796
-7.52916
-7.51815
-7.50612
-7.50418
-7.50126
-7.48087
-7.47481
-7.47028
-7.45229
-7.45048
-7.43709
-7.43515
-7.4211
-7.4211
-7.41415
-7.40713
-7.38624
-7.38382
-7.36293
-7.36044
-7.33253
-7.32698
-7.32316
-7.31709
-7.30984
-7.29525
-7.29378
-7.29211
-7.29184
-7.2903
-7.2868
-7.2688
-7.2688
-7.26699
-7.26587
-7.23841
-7.22365
-7.22127
-7.20521
-7.20112
-7.18593
-7.18399
-7.17175
-7.16994
-7.16793
-7.16298
-7.15461
-7.13508
-7.11177
-7.11109
-7.10928
-7.09395
-7.08318
-7.08137
-7.07796
-7.07091
-7.06605
-7.06593
-7.05492
-7.04262
-7.04095
-7.04068
-7.01764
-7.01764
-7.01471
-7.00776
-6.9969
-6.98724
-6.97192
-6.97011
-6.95405
-6.95405
-6.95211
-6.94861
-6.9276
-6.92274
-6.92059
-6.91677
-6.90345
-6.8997
-6.88546
-6.85993
-6.84279
-6.83202
-6.82861
-6.8268
-6.82479
-6.81975
-6.81488
-6.80557
-6.80376
-6.80175
-6.79883
-6.79689
-6.78844
-6.7566
-6.74574
-6.73473
-6.72774
-6.72076
-6.7047
-6.70289
-6.70276
-6.70095
-6.69745
-6.68756
-6.67644
-6.67158
-6.67158
-6.64853
-6.63429
-6.63072
-6.61092
-6.60741
-6.58787
-6.58301
-6.5795
-6.57745
-6.57363
-6.56757
-6.55441
-6.55059
-6.54766
-6.54572
-6.54426
-6.53727
-6.52122
-6.51928
-6.51635
-6.51386
-6.48888
-6.48538
-6.48357
-6.48156
-6.47658
-6.46557
-6.45569
-6.45354
-6.4516
-6.4364
-6.43265
-6.42222
-6.42041
-6.41841
-6.37956
-6.36156
-6.36156
-6.35975
-6.35864
-6.35625
-6.33852
-6.33825
-6.33671
-6.33365
-6.33185
-6.32834
-6.32139
-6.31641
-6.31034
-6.3054
-6.2931
-6.27005
-6.26811
-6.26768
-6.26519
-6.26451
-6.2627
-6.24737
-6.23772
-6.23421
-6.2304
-6.22433
-6.21622
-6.21441
-6.20453
-6.20453
-6.20102
-6.19908
-6.18148
-6.17808
-6.17106
-6.16724
-6.15017
-6.14768
-6.12437
-6.11245
-6.1104
-6.1104
-6.10747
-6.09646
-6.08736
-6.08709
-6.08249
-6.08103
-6.07022
-6.05918
-6.05604
-6.05424
-6.05223
-6.0493
-6.04137
-6.01833
-6.01652
-6.01335
-6.00234
-5.99852
-5.99621
-5.99246
-5.9852
-5.97822
-5.97317
-5.96915
-5.96506
-5.95517
-5.95517
-5.95336
-5.94986
-5.94792
-5.93186
-5.92692
-5.89901
-5.89833
-5.89652
-5.8812
-5.87502
-5.87321
-5.86129
-5.85789
-5.84711
-5.8453
-5.84329
-5.83835
-5.83484
-5.82998
-5.82986
-5.82749
-5.80488
-5.80107
-5.79814
-5.79021
-5.77169
-5.76717
-5.76434
-5.76083
-5.75118
-5.74917
-5.74736
-5.74129
-5.74129
-5.73585
-5.73404
-5.73203
-5.72705
-5.71798
-5.71798
-5.71605
-5.70401
-5.70401
-5.68312
-5.6807
-5.67226
-5.64717
-5.63498
-5.63003
-5.62942
-5.62386
-5.61398
-5.61204
-5.60911
-5.60672
-5.59595
-5.59213
-5.589
-5.58873
-5.58719
-5.58607
-5.58368
-5.57882
-5.57814
-5.57633
-5.56568
-5.56276
-5.56082
-5.55833
-5.53529
-5.52053
-5.51815
-5.51498
-5.51317
-5.50967
-5.49801
-5.49194
-5.49167
-5.49013
-5.48469
-5.48087
-5.47481
-5.46863
-5.46682
-5.46669
-5.46488
-5.4515
-5.43196
-5.4211
-5.4211
-5.4031
-5.39816
-5.39465
-5.38382
-5.38006
-5.37825
-5.37485
-5.36293
-5.36281
-5.36088
-5.35795
-5.35181
-5.34694
-5.33783
-5.33756
-5.33491
-5.3315
-5.32698
-5.31452
-5.3116
-5.30966
-5.30898
-5.30717
-5.29378
-5.29184
-5.28413
-5.27779
-5.2688
-5.2688
-5.26699
-5.26587
-5.26382
-5.25281
-5.249
-5.24549
-5.24293
-5.24078
-5.24051
-5.22365
-5.21962
-5.21747
-5.21553
-5.20565
-5.20033
-5.19658
-5.18923
-5.18234
-5.17175
-5.16994
-5.15194
-5.15194
-5.14881
-5.147
-5.14349
-5.1289
-5.12549
-5.12549
-5.12369
-5.12257
-5.11177
-5.10245
-5.10064
-5.09759
-5.09578
-5.0951
-5.09377
-5.08532
-5.08034
-5.07796
-5.05782
-5.05492
-5.04262
-5.04068
-5.03161
-5.02844
-5.02663
-5.02462
-5.01764
-5.01764
-5.01471
-5.01131
-5.00165
-4.99964
-4.99783
-4.99672
-4.99433
-4.99177
-4.99177
-4.98826
-4.96846
-4.96846
-4.95449
-4.94542
-4.93987
-4.93806
-4.93118
-4.9276
-4.92274
-4.92059
-4.91162
-4.90259
-4.90078
-4.8997
-4.89764
-4.88546
-4.87989
-4.87639
-4.87433
-4.87433
-4.87141
-4.86445
-4.85129
-4.84642
-4.84394
-4.84261
-4.83654
-4.83416
-4.82861
-4.8268
-4.81616
-4.81323
-4.81074
-4.80881
-4.80557
-4.8053
-4.80376
-4.78576
-4.78576
-4.78284
-4.78226
-4.78045
-4.77728
-4.77346
-4.76245
-4.76014
-4.75639
-4.74848
-4.74555
-4.74242
-4.74215
-4.74061
-4.7371
-4.71911
-4.71911
-4.7173
-4.68871
-4.68871
-4.67644
-4.67158
-4.67158
-4.66226
-4.66045
-4.65845
-4.65552
-4.65358
-4.65143
-4.64853
-4.64513
-4.63429
-4.63054
-4.63054
-4.62873
-4.62522
-4.61329
-4.60723
-4.60228
-4.59142
-4.58538
-4.57745
-4.565
-4.56207
-4.56139
-4.55958
-4.55945
-4.55764
-4.55441
-4.55414
-4.54426
-4.53641
-4.5346
-4.5346
-4.53348
-4.53167
-4.5311
-4.52827
-4.52122
-4.51928
-4.51635
-4.5131
-4.51129
-4.50523
-4.50523
-4.49597
-4.49125
-4.49099
-4.46794
-4.46794
-4.46557
-4.44705
-4.44457
-4.4397
-4.43755
-4.4362
-4.42222
-4.42041
-4.41666
-4.4111
-4.40728
-4.40436
-4.40242
-4.40242
-4.39891
-4.39397
-4.39335
-4.37938
-4.37938
-4.37791
-4.37597
-4.37304
-4.35606
-4.35293
-4.35112
-4.35
-4.34557
-4.34207
-4.34026
-4.33825
-4.32253
-4.32226
-4.31034
-4.31023
-4.30829
-4.3054
-4.29922
-4.2931
-4.28934
-4.28525
-4.28232
-4.28209
-4.27892
-4.27711
-4.2751
-4.27005
-4.26811
-4.26519
-4.26194
-4.25587
-4.25406
-4.25206
-4.24719
-4.2448
-4.23874
-4.21622
-4.21441
-4.19589
-4.19521
-4.1934
-4.19035
-4.18854
-4.18503
-4.18503
-4.17808
-4.17106
-4.16731
-4.16704
-4.1655
-4.16209
-4.15306
-4.15126
-4.15017
-4.14775
-4.14399
-4.14219
-4.12686
-4.12675
-4.12481
-4.12437
-4.12188
-4.10177
-4.09884
-4.09646
-4.09441
-4.09091
-4.08709
-4.08103
-4.07291
-4.07137
-4.0711
-4.06122
-4.05918
-4.05771
-4.05604
-4.05578
-4.05424
-4.04806
-4.03818
-4.03818
-4.03624
-4.03331
-4.03273
-4.03273
-4.03092
-4.02981
-4.02775
-4.02394
-4.01293
-4.00686
-4.00471
-4.00234
-4.00089
-3.99603
-3.98758
-3.96958
-3.96915
-3.96506
-3.95316
-3.94405
-3.93919
-3.93919
-3.93568
-3.93387
-3.93186
-3.92692
-3.91614
-3.91587
-3.91587
-3.91274
-3.91093
-3.90892
-3.90599
-3.9019
-3.89901
-3.89283
-3.88295
-3.88101
-3.8757
-3.87502
-3.87321
-3.85903
-3.8577
-3.85521
-3.84711
-3.8453
-3.8419
-3.82986
-3.82731
-3.82175
-3.81885
-3.81187
-3.81187
-3.81006
-3.80655
-3.80488
-3.80461
-3.78882
-3.78856
-3.78702
-3.78689
-3.78508
-3.78396
-3.78215
-3.78157
-3.78157
-3.77864
-3.77169
-3.76358
-3.76177
-3.76065
-3.7557
-3.7557
-3.75118
-3.73318
-3.71842
-3.71798
-3.71798
-3.71605
-3.7038
-3.702
-3.69999
-3.69504
-3.69154
-3.68802
-3.68667
-3.68452
-3.6807
-3.66713
-3.66652
-3.66471
-3.66363
-3.66158
-3.65776
-3.65483
-3.64939
-3.64382
-3.63179
-3.62985
-3.62838
-3.62386
-3.60787
-3.60654
-3.60586
-3.60405
-3.60047
-3.59799
-3.59595
-3.59254
-3.59073
-3.58873
-3.57795
-3.57614
-3.57468
-3.57301
-3.57274
-3.5695
-3.56769
-3.56568
-3.56276
-3.56082
-3.5607
-3.5607
-3.5497
-3.5497
-3.54677
-3.53981
-3.53766
-3.53739
-3.53572
-3.5328
-3.52053
-3.51241
-3.50949
-3.50635
-3.50454
-3.50253
-3.49167
-3.48611
-3.48202
-3.46863
-3.46682
-3.46669
-3.46488
-3.45264
-3.45264
-3.44883
-3.44883
-3.44569
-3.44388
-3.44276
-3.44037
-3.43551
-3.43551
-3.42238
-3.41945
-3.41778
-3.41751
-3.41597
-3.41536
-3.41247
-3.39823
-3.39447
-3.39447
-3.39266
-3.39198
-3.37722
-3.37485
-3.36407
-3.3547
-3.35181
-3.34931
-3.34863
-3.34694
-3.34683
-3.34138
-3.33756
-3.3315
-3.32679
-3.32532
-3.32351
-3.32339
-3.32184
-3.32158
-3.31834
-3.31452
-3.3116
-3.30966
-3.30819
-3.30034
-3.29853
-3.29853
-3.29742
-3.29561
-3.2936
-3.28865
-3.28865
-3.28515
-3.28321
-3.28028
-3.27779
-3.25519
-3.25281
-3.25137
-3.24051
-3.23676
-3.23495
-3.2295
-3.21962
-3.21747
-3.21553
-3.2085
-3.20363
-3.20148
-3.19947
-3.19766
-3.19658
-3.19453
-3.1916
-3.18616
-3.18435
-3.18234
-3.18059
-3.17122
-3.16829
-3.16662
-3.16635
-3.16635
-3.14331
-3.14331
-3.14082
-3.13343
-3.12549
-3.12549
-3.12369
-3.12257
-3.11291
-3.10951
-3.10569
-3.10245
-3.10218
-3.10064
-3.09759
-3.09747
-3.09578
-3.08646
-3.08265
-3.08034
-3.07972
-3.07778
-3.07428
-3.07416
-3.07222
-3.06933
-3.06234
-3.05703
-3.05327
-3.04918
-3.04625
-3.04244
-3.0393
-3.03903
-3.03749
-3.03399
-3.03205
-3.02912
-3.02844
-3.02663
-3.01599
-3.01112
-3.00864
-3.00165
-2.98559
-2.98559
-2.98365
-2.98015
-2.97834
-2.96846
-2.96846
-2.95915
-2.95734
-2.95428
-2.95247
-2.95046
-2.94831
-2.94542
-2.94201
-2.93499
-2.93124
-2.93118
-2.92943
-2.92742
-2.917
-2.91519
-2.9141
-2.91162
-2.8883
-2.88226
-2.87433
-2.87433
-2.87141
-2.8604
-2.85834
-2.85634
-2.85453
-2.85341
-2.85129
-2.85102
-2.84846
-2.84642
-2.84496
-2.8353
-2.83329
-2.83148
-2.83037
-2.82856
-2.82843
-2.82662
-2.82515
-2.82311
-2.81998
-2.81817
-2.81616
-2.81323
-2.81118
-2.80211
-2.80211
-2.80017
-2.79724
-2.78814
-2.78787
-2.77728
-2.76627
-2.76483
-2.76245
-2.75996
-2.75928
-2.75747
-2.75639
-2.74215
-2.73658
-2.73443
-2.73308
-2.73249
-2.72899
-2.71911
-2.71911
-2.7173
-2.71354
-2.70798
-2.70312
-2.70312
-2.6993
-2.6993
-2.6958
-2.69324
-2.69085
-2.68008
-2.67626
-2.67285
-2.66992
-2.66583
-2.66294
-2.66226
-2.66045
-2.64688
-2.64494
-2.64246
-2.64246
-2.63953
-2.63895
-2.63714
-2.61941
-2.61915
-2.61455
-2.61104
-2.60923
-2.60723
-2.60517
-2.60228
-2.60225
-2.59911
-2.5973
-2.5938
-2.59124
-2.58213
-2.5792
-2.57727
-2.5758
-2.5758
-2.57399
-2.56881
-2.565
-2.56207
-2.55276
-2.55095
-2.55082
-2.54901
-2.54789
-2.54608
-2.5454
-2.54407
-2.53562
-2.52827
-2.51511
-2.5131
-2.51129
-2.50812
-2.50523
-2.50523
-2.49711
-2.49099
-2.48723
-2.48723
-2.48542
-2.48192
-2.48192
-2.47998
-2.46794
-2.46794
-2.46419
-2.46392
-2.46238
-2.45897
-2.45196
-2.44995
-2.44814
-2.44705
-2.44463
-2.44207
-2.43106
-2.42169
-2.41876
-2.4111
-2.39572
-2.39378
-2.39335
-2.3931
-2.39129
-2.39129
-2.39018
-2.38837
-2.38779
-2.37791
-2.37597
-2.37304
-2.36979
-2.36825
-2.36798
-2.36339
-2.36192
-2.35988
-2.35606
-2.35293
-2.35266
-2.35112
-2.35
-2.34795
-2.34188
-2.34008
-2.33694
-2.33312
-2.33019
-2.32962
-2.32669
-2.32475
-2.32464
-2.32464
-2.32226
-2.30375
-2.30159
-2.29966
-2.29922
-2.29673
-2.29424
-2.29291
-2.28446
-2.27892
-2.27711
-2.27335
-2.26646
-2.26194
-2.25911
-2.25587
-2.25561
-2.25406
-2.25004
-2.24595
-2.23607
-2.23607
-2.23607
-2.23607
-2.23256
-2.23075
-2.23062
-2.22882
-2.21303
-2.21276
-2.21276
-2.20962
-2.20781
-2.20669
-2.19879
-2.19589
-2.18171
-2.1799
-2.17922
-2.17789
-2.16704
-2.16209
-2.15591
-2.14399
-2.14219
-2.14194
-2.13901
-2.13878
-2.12801
-2.12675
-2.12481
-2.12419
-2.12188
-2.11863
-2.11574
-2.11257
-2.11087
-2.11076
-2.10875
-2.10388
-2.10177
-2.1015
-2.09884
-2.09543
-2.09072
-2.08578
-2.08377
-2.08196
-2.08084
-2.08084
-2.07903
-2.07845
-2.07553
-2.07359
-2.07291
-2.0711
-2.05753
-2.05258
-2.05258
-2.04806
-2.04173
-2.03006
-2.02775
-2.024
-2.02219
-2.01675
-2.0153
-2.01293
-2.00976
-2.00795
-2.00686
-2.00471
-2.00444
-2.00069
-1.99888
-1.98672
-1.98491
-1.98491
-1.98355
-1.9814
-1.97946
-1.96958
-1.96402
-1.9634
-1.9616
-1.96051
-1.95846
-1.95553
-1.95316
-1.94627
-1.93055
-1.92806
-1.92673
-1.91587
-1.91587
-1.91274
-1.91093
-1.90475
-1.89736
-1.89487
-1.89293
-1.89283
-1.89
-1.88943
-1.88943
-1.88762
-1.8865
-1.87684
-1.87484
-1.87303
-1.86989
-1.86962
-1.86696
-1.86638
-1.86458
-1.86152
-1.8614
-1.85971
-1.85903
-1.8577
-1.85759
-1.85272
-1.84658
-1.84427
-1.84365
-1.84171
-1.83261
-1.82968
-1.82968
-1.82627
-1.82175
-1.80637
-1.80323
-1.80142
-1.79588
-1.79237
-1.79056
-1.78856
-1.7789
-1.77284
-1.77284
-1.77257
-1.76558
-1.76358
-1.76177
-1.76065
-1.7586
-1.7557
-1.7557
-1.74953
-1.74953
-1.74759
-1.73964
-1.7377
-1.73555
-1.73239
-1.73239
-1.71842
-1.71466
-1.71439
-1.71285
-1.71224
-1.70935
-1.7038
-1.702
-1.69511
-1.69135
-1.684
-1.67555
-1.66652
-1.66471
-1.66158
-1.66096
-1.6462
-1.64552
-1.64382
-1.64371
-1.64358
-1.64177
-1.64065
-1.63884
-1.63826
-1.63826
-1.63534
-1.62838
-1.62367
-1.62027
-1.61873
-1.61846
-1.61761
-1.61734
-1.6158
-1.61522
-1.61239
-1.61036
-1.60787
-1.60654
-1.60047
-1.59723
-1.59542
-1.5943
-1.59249
-1.59236
-1.59055
-1.58987
-1.58009
-1.57716
-1.57511
-1.57468
-1.57274
-1.55207
-1.5497
-1.5497
-1.54677
-1.54472
-1.54121
-1.53739
-1.52639
-1.52383
-1.52321
-1.52167
-1.52141
-1.52032
-1.51241
-1.50949
-1.50635
-1.50608
-1.50454
-1.50051
-1.49836
-1.49642
-1.48848
-1.48654
-1.48654
-1.48304
-1.48304
-1.48123
-1.47747
-1.4635
-1.46323
-1.46323
-1.45717
-1.45264
-1.45264
-1.44019
-1.43465
-1.43284
-1.4297
-1.42619
-1.42439
-1.42238
-1.41945
-1.41751
-1.41536
-1.40979
-1.40639
-1.40639
-1.40346
-1.39447
-1.39447
-1.39436
-1.39266
-1.39242
-1.38949
-1.38335
-1.37848
-1.37722
-1.37466
-1.37116
-1.36911
-1.36645
-1.36621
-1.36618
-1.36304
-1.36123
-1.35922
-1.34931
-1.34606
-1.34314
-1.3412
-1.33871
-1.33132
-1.32893
-1.326
-1.32532
-1.32351
-1.32339
-1.32158
-1.30934
-1.30801
-1.30552
-1.30034
-1.29853
-1.29853
-1.29742
-1.29561
-1.2922
-1.28054
-1.27761
-1.27703
-1.27522
-1.27447
-1.27266
-1.27205
-1.26916
-1.26916
-1.25519
-1.25492
-1.25116
-1.25116
-1.24935
-1.23719
-1.23538
-1.23188
-1.23188
-1.22812
-1.22631
-1.22077
-1.21388
-1.21207
-1.21099
-1.2085
-1.20601
-1.20363
-1.20148
-1.18348
-1.18348
-1.18059
-1.17854
-1.17503
-1.17122
-1.16829
-1.16635
-1.16635
-1.15728
-1.15704
-1.15523
-1.15523
-1.15411
-1.1523
-1.15029
-1.14535
-1.14331
-1.14331
-1.14184
-1.1399
-1.13697
-1.13218
-1.12732
-1.12531
-1.1235
-1.12
-1.11744
-1.11686
-1.11505
-1.11393
-1.11188
-1.10951
-1.10806
-1.09705
-1.09413
-1.08646
-1.0862
-1.08015
-1.07416
-1.07222
-1.06315
-1.05817
-1.05684
-1.05617
-1.05436
-1.05327
-1.04918
-1.04625
-1.04285
-1.04104
-1.03903
-1.03728
-1.02938
-1.02826
-1.02645
-1.02587
-1.02331
-1.02331
-1.02304
-1.01981
-1.018
-1.01599
-1.01112
-1
-1
-1
-1
-0.990118
-0.986028
-0.976958
-0.969604
-0.962717
-0.959823
-0.959145
-0.957336
-0.954279
-0.95247
-0.943157
-0.941827
-0.93934
-0.936412
-0.934473
-0.932322
-0.931237
-0.930969
-0.929428
-0.926022
-0.916996
-0.915187
-0.911431
-0.911431
-0.907927
-0.906117
-0.905874
-0.902946
-0.899129
-0.895992
-0.894183
-0.890678
-0.888739
-0.888121
-0.885812
-0.874148
-0.872682
-0.868084
-0.867815
-0.866275
-0.865697
-0.86277
-0.858344
-0.847701
-0.845891
-0.844773
-0.844773
-0.842964
-0.842286
-0.840347
-0.836842
-0.835302
-0.835033
-0.825152
-0.817305
-0.814378
-0.811991
-0.805003
-0.80211
-0.80211
-0.800171
-0.797243
-0.793994
-0.791686
-0.78793
-0.787869
-0.786121
-0.784113
-0.777095
-0.77686
-0.773689
-0.772149
-0.77188
-0.770796
-0.768644
-0.764827
-0.75996
-0.750647
-0.748838
-0.748838
-0.738956
-0.733513
-0.727948
-0.717089
-0.707983
-0.703117
-0.703117
-0.691995
-0.690665
-0.689987
-0.688178
-0.687059
-0.68525
-0.685121
-0.683311
-0.680075
-0.679807
-0.679807
-0.676669
-0.67486
-0.672852
-0.669925
-0.665834
-0.662078
-0.660269
-0.660269
-0.658802
-0.656864
-0.656764
-0.653936
-0.646883
-0.644944
-0.64483
-0.638768
-0.636959
-0.633821
-0.630894
-0.622963
-0.621633
-0.62152
-0.619146
-0.616922
-0.616653
-0.596539
-0.593611
-0.593611
-0.591238
-0.591124
-0.589185
-0.58568
-0.575799
-0.575799
-0.57399
-0.570234
-0.566143
-0.563216
-0.55981
-0.555993
-0.552757
-0.552488
-0.550947
-0.550818
-0.549009
-0.54789
-0.546081
-0.542832
-0.536768
-0.536768
-0.532951
-0.532951
-0.528085
-0.527507
-0.525698
-0.52458
-0.522527
-0.519633
-0.519633
-0.503576
-0.501637
-0.499485
-0.497112
-0.482351
-0.478595
-0.476786
-0.476108
-0.471241
-0.467737
-0.465927
-0.463919
-0.458973
-0.451955
-0.448199
-0.447931
-0.438825
-0.435897
-0.433958
-0.433958
-0.431065
-0.430454
-0.428644
-0.425507
-0.424889
-0.42169
-0.418763
-0.410916
-0.40945
-0.407754
-0.40764
-0.407511
-0.405701
-0.404583
-0.402774
-0.400766
-0.395721
-0.393782
-0.392315
-0.387606
-0.382659
-0.381541
-0.379732
-0.377724
-0.371801
-0.370471
-0.369793
-0.367984
-0.364407
-0.36192
-0.353804
-0.341885
-0.340076
-0.338609
-0.336939
-0.33667
-0.324637
-0.324637
-0.320881
-0.319072
-0.313628
-0.313628
-0.310701
-0.308648
-0.30664
-0.304831
-0.303746
-0.301595
-0.301326
-0.299656
-0.296728
-0.287758
-0.285606
-0.283598
-0.281789
-0.278732
-0.276923
-0.276345
-0.273418
-0.270281
-0.268471
-0.266464
-0.252414
-0.250475
-0.250475
-0.25004
-0.24595
-0.227433
-0.224945
-0.220079
-0.216574
-0.216574
-0.212757
-0.212757
-0.20962
-0.207811
-0.206693
-0.198578
-0.197037
-0.196769
-0.193631
-0.189814
-0.186887
-0.18631
-0.183382
-0.182796
-0.181712
-0.181443
-0.179903
-0.179292
-0.173726
-0.163845
-0.161906
-0.158401
-0.158401
-0.158287
-0.156592
-0.156349
-0.155914
-0.153421
-0.149604
-0.141153
-0.138595
-0.130379
-0.128006
-0.126562
-0.123156
-0.118631
-0.113245
-0.112567
-0.110757
-0.102642
-0.095248
-0.0927608
-0.0927608
-0.0907229
-0.089256
-0.0874468
-0.0873172
-0.0857765
-0.085508
-0.0697187
-0.0697187
-0.0694502
-0.0677799
-0.0648525
-0.0642751
-0.0624659
-0.0624659
-0.0613477
-0.0595385
-0.0575306
-0.0554779
-0.0525843
-0.0525843
-0.0444692
-0.0415419
-0.0384047
-0.0365955
-0.0345876
-0.0324359
-0.0275696
-0.0191185
-0.0153014
-0.00112188
-0.000687336
0.000687336
0.00112188
0.0153014
0.0191185
0.0275696
0.0324359
0.0345876
0.0365955
0.0384047
0.0415419
0.0444692
0.0525843
0.0525843
0.0554779
0.0575306
0.0595385
0.0613477
0.0624659
0.0624659
0.0642751
0.0648525
0.0677799
0.0694502
0.0697187
0.0697187
0.085508
0.0857765
0.0873172
0.0874468
0.089256
0.0907229
0.0927608
0.0927608
0.095248
0.102642
0.110757
0.112567
0.113245
0.118631
0.123156
0.126562
0.128006
0.130379
0.138595
0.141153
0.149604
0.153421
0.155914
0.156349
0.156592
0.158287
0.158401
0.158401
0.161906
0.163845
0.173726
0.179292
0.179903
0.181443
0.181712
0.182796
0.183382
0.18631
0.186887
0.189814
0.193631
0.196769
0.197037
0.198578
0.206693
0.207811
0.20962
0.212757
0.212757
0.216574
0.216574
0.220079
0.224945
0.227433
0.24595
0.25004
0.250475
0.250475
0.252414
0.266464
0.268471
0.270281
0.273418
0.276345
0.276923
0.278732
0.281789
0.283598
0.285606
0.287758
0.296728
0.299656
0.301326
0.301595
0.303746
0.304831
0.30664
0.308648
0.310701
0.313628
0.313628
0.319072
0.320881
0.324637
0.324637
0.33667
0.336939
0.338609
0.340076
0.341885
0.353804
0.36192
0.364407
0.367984
0.369793
0.370471
0.371801
0.377724
0.379732
0.381541
0.382659
0.387606
0.392315
0.393782
0.395721
0.400766
0.402774
0.404583
0.405701
0.407511
0.40764
0.407754
0.40945
0.410916
0.418763
0.42169
0.424889
0.425507
0.428644
0.430454
0.431065
0.433958
0.433958
0.435897
0.438825
0.447931
0.448199
0.451955
0.458973
0.463919
0.465927
0.467737
0.471241
0.476108
0.476786
0.478595
0.482351
0.497112
0.499485
0.501637
0.503576
0.519633
0.519633
0.522527
0.52458
0.525698
0.527507
0.528085
0.532951
0.532951
0.536768
0.536768
0.542832
0.546081
0.54789
0.549009
0.550818
0.550947
0.552488
0.552757
0.555993
0.55981
0.563216
0.566143
0.570234
0.57399
0.575799
0.575799
0.58568
0.589185
0.591124
0.591238
0.593611
0.593611
0.596539
0.616653
0.616922
0.619146
0.62152
0.621633
0.622963
0.630894
0.633821
0.636959
0.638768
0.64483
0.644944
0.646883
0.653936
0.656764
0.656864
0.658802
0.660269
0.660269
0.662078
0.665834
0.669925
0.672852
0.67486
0.676669
0.679807
0.679807
0.680075
0.683311
0.685121
0.68525
0.687059
0.688178
0.689987
0.690665
0.691995
0.703117
0.703117
0.707983
0.717089
0.727948
0.733513
0.738956
0.748838
0.748838
0.750647
0.75996
0.764827
0.768644
0.770796
0.77188
0.772149
0.773689
0.77686
0.777095
0.784113
0.786121
0.787869
0.78793
0.791686
0.793994
0.797243
0.800171
0.80211
0.80211
0.805003
0.811991
0.814378
0.817305
0.825152
0.835033
0.835302
0.836842
0.840347
0.842286
0.842964
0.844773
0.844773
0.845891
0.847701
0.858344
0.86277
0.865697
0.866275
0.867815
0.868084
0.872682
0.874148
0.885812
0.888121
0.888739
0.890678
0.894183
0.895992
0.899129
0.902946
0.905874
0.906117
0.907927
0.911431
0.911431
0.915187
0.916996
0.926022
0.929428
0.930969
0.931237
0.932322
0.934473
0.936412
0.93934
0.941827
0.943157
0.95247
0.954279
0.957336
0.959145
0.959823
0.962717
0.969604
0.976958
0.986028
0.990118
1
1
1
1
1.01112
1.01599
1.018
1.01981
1.02304
1.02331
1.02331
1.02587
1.02645
1.02826
1.02938
1.03728
1.03903
1.04104
1.04285
1.04625
1.04918
1.05327
1.05436
1.05617
1.05684
1.05817
1.06315
1.07222
1.07416
1.08015
1.0862
1.08646
1.09413
1.09705
1.10806
1.10951
1.11188
1.11393
1.11505
1.11686
1.11744
1.12
1.1235
1.12531
1.12732
1.13218
1.13697
1.1399
1.14184
1.14331
1.14331
1.14535
1.15029
1.1523
1.15411
1.15523
1.15523
1.15704
1.15728
1.16635
1.16635
1.16829
1.17122
1.17503
1.17854
1.18059
1.18348
1.18348
1.20148
1.20363
1.20601
1.2085
1.21099
1.21207
1.21388
1.22077
1.22631
1.22812
1.23188
1.23188
1.23538
1.23719
1.24935
1.25116
1.25116
1.25492
1.25519
1.26916
1.26916
1.27205
1.27266
1.27447
1.27522
1.27703
1.27761
1.28054
1.2922
1.29561
1.29742
1.29853
1.29853
1.30034
1.30552
1.30801
1.30934
1.32158
1.32339
1.32351
1.32532
1.326
1.32893
1.33132
1.33871
1.3412
1.34314
1.34606
1.34931
1.35922
1.36123
1.36304
1.36618
1.36621
1.36645
1.36911
1.37116
1.37466
1.37722
1.37848
1.38335
1.38949
1.39242
1.39266
1.39436
1.39447
1.39447
1.40346
1.40639
1.40639
1.40979
1.41536
1.41751
1.41945
1.42238
1.42439
1.42619
1.4297
1.43284
1.43465
1.44019
1.45264
1.45264
1.45717
1.46323
1.46323
1.4635
1.47747
1.48123
1.48304
1.48304
1.48654
1.48654
1.48848
1.49642
1.49836
1.50051
1.50454
1.50608
1.50635
1.50949
1.51241
1.52032
1.52141
1.52167
1.52321
1.52383
1.52639
1.53739
1.54121
1.54472
1.54677
1.5497
1.5497
1.55207
1.57274
1.57468
1.57511
1.57716
1.58009
1.58987
1.59055
1.59236
1.59249
1.5943
1.59542
1.59723
1.60047
1.60654
1.60787
1.61036
1.61239
1.61522
1.6158
1.61734
1.61761
1.61846
1.61873
1.62027
1.62367
1.62838
1.63534
1.63826
1.63826
1.63884
1.64065
1.64177
1.64358
1.64371
1.64382
1.64552
1.6462
1.66096
1.66158
1.66471
1.66652
1.67555
1.684
1.69135
1.69511
1.702
1.7038
1.70935
1.71224
1.71285
1.71439
1.71466
1.71842
1.73239
1.73239
1.73555
1.7377
1.73964
1.74759
1.74953
1.74953
1.7557
1.7557
1.7586
1.76065
1.76177
1.76358
1.76558
1.77257
1.77284
1.77284
1.7789
1.78856
1.79056
1.79237
1.79588
1.80142
1.80323
1.80637
1.82175
1.82627
1.82968
1.82968
1.83261
1.84171
1.84365
1.84427
1.84658
1.85272
1.85759
1.8577
1.85903
1.85971
1.8614
1.86152
1.86458
1.86638
1.86696
1.86962
1.86989
1.87303
1.87484
1.87684
1.8865
1.88762
1.88943
1.88943
1.89
1.89283
1.89293
1.89487
1.89736
1.90475
1.91093
1.91274
1.91587
1.91587
1.92673
1.92806
1.93055
1.94627
1.95316
1.95553
1.95846
1.96051
1.9616
1.9634
1.96402
1.96958
1.97946
1.9814
1.98355
1.98491
1.98491
1.98672
1.99888
2.00069
2.00444
2.00471
2.00686
2.00795
2.00976
2.01293
2.0153
2.01675
2.02219
2.024
2.02775
2.03006
2.04173
2.04806
2.05258
2.05258
2.05753
2.0711
2.07291
2.07359
2.07553
2.07845
2.07903
2.08084
2.08084
2.08196
2.08377
2.08578
2.09072
2.09543
2.09884
2.1015
2.10177
2.10388
2.10875
2.11076
2.11087
2.11257
2.11574
2.11863
2.12188
2.12419
2.12481
2.12675
2.12801
2.13878
2.13901
2.14194
2.14219
2.14399
2.15591
2.16209
2.16704
2.17789
2.17922
2.1799
2.18171
2.19589
2.19879
2.20669
2.20781
2.20962
2.21276
2.21276
2.21303
2.22882
2.23062
2.23075
2.23256
2.23607
2.23607
2.23607
2.23607
2.24595
2.25004
2.25406
2.25561
2.25587
2.25911
2.26194
2.26646
2.27335
2.27711
2.27892
2.28446
2.29291
2.29424
2.29673
2.29922
2.29966
2.30159
2.30375
2.32226
2.32464
2.32464
2.32475
2.32669
2.32962
2.33019
2.33312
2.33694
2.34008
2.34188
2.34795
2.35
2.35112
2.35266
2.35293
2.35606
2.35988
2.36192
2.36339
2.36798
2.36825
2.36979
2.37304
2.37597
2.37791
2.38779
2.38837
2.39018
2.39129
2.39129
2.3931
2.39335
2.39378
2.39572
2.4111
2.41876
2.42169
2.43106
2.44207
2.44463
2.44705
2.44814
2.44995
2.45196
2.45897
2.46238
2.46392
2.46419
2.46794
2.46794
2.47998
2.48192
2.48192
2.48542
2.48723
2.48723
2.49099
2.49711
2.50523
2.50523
2.50812
2.51129
2.5131
2.51511
2.52827
2.53562
2.54407
2.5454
2.54608
2.54789
2.54901
2.55082
2.55095
2.55276
2.56207
2.565
2.56881
2.57399
2.5758
2.5758
2.57727
2.5792
2.58213
2.59124
2.5938
2.5973
2.59911
2.60225
2.60228
2.60517
2.60723
2.60923
2.61104
2.61455
2.61915
2.61941
2.63714
2.63895
2.63953
2.64246
2.64246
2.64494
2.64688
2.66045
2.66226
2.66294
2.66583
2.66992
2.67285
2.67626
2.68008
2.69085
2.69324
2.6958
2.6993
2.6993
2.70312
2.70312
2.70798
2.71354
2.7173
2.71911
2.71911
2.72899
2.73249
2.73308
2.73443
2.73658
2.74215
2.75639
2.75747
2.75928
2.75996
2.76245
2.76483
2.76627
2.77728
2.78787
2.78814
2.79724
2.80017
2.80211
2.80211
2.81118
2.81323
2.81616
2.81817
2.81998
2.82311
2.82515
2.82662
2.82843
2.82856
2.83037
2.83148
2.83329
2.8353
2.84496
2.84642
2.84846
2.85102
2.85129
2.85341
2.85453
2.85634
2.85834
2.8604
2.87141
2.87433
2.87433
2.88226
2.8883
2.91162
2.9141
2.91519
2.917
2.92742
2.92943
2.93118
2.93124
2.93499
2.94201
2.94542
2.94831
2.95046
2.95247
2.95428
2.95734
2.95915
2.96846
2.96846
2.97834
2.98015
2.98365
2.98559
2.98559
3.00165
3.00864
3.01112
3.01599
3.02663
3.02844
3.02912
3.03205
3.03399
3.03749
3.03903
3.0393
3.04244
3.04625
3.04918
3.05327
3.05703
3.06234
3.06933
3.07222
3.07416
3.07428
3.07778
3.07972
3.08034
3.08265
3.08646
3.09578
3.09747
3.09759
3.10064
3.10218
3.10245
3.10569
3.10951
3.11291
3.12257
3.12369
3.12549
3.12549
3.13343
3.14082
3.14331
3.14331
3.16635
3.16635
3.16662
3.16829
3.17122
3.18059
3.18234
3.18435
3.18616
3.1916
3.19453
3.19658
3.19766
3.19947
3.20148
3.20363
3.2085
3.21553
3.21747
3.21962
3.2295
3.23495
3.23676
3.24051
3.25137
3.25281
3.25519
3.27779
3.28028
3.28321
3.28515
3.28865
3.28865
3.2936
3.29561
3.29742
3.29853
3.29853
3.30034
3.30819
3.30966
3.3116
3.31452
3.31834
3.32158
3.32184
3.32339
3.32351
3.32532
3.32679
3.3315
3.33756
3.34138
3.34683
3.34694
3.34863
3.34931
3.35181
3.3547
3.36407
3.37485
3.37722
3.39198
3.39266
3.39447
3.39447
3.39823
3.41247
3.41536
3.41597
3.41751
3.41778
3.41945
3.42238
3.43551
3.43551
3.44037
3.44276
3.44388
3.44569
3.44883
3.44883
3.45264
3.45264
3.46488
3.46669
3.46682
3.46863
3.48202
3.48611
3.49167
3.50253
3.50454
3.50635
3.50949
3.51241
3.52053
3.5328
3.53572
3.53739
3.53766
3.53981
3.54677
3.5497
3.5497
3.5607
3.5607
3.56082
3.56276
3.56568
3.56769
3.5695
3.57274
3.57301
3.57468
3.57614
3.57795
3.58873
3.59073
3.59254
3.59595
3.59799
3.60047
3.60405
3.60586
3.60654
3.60787
3.62386
3.62838
3.62985
3.63179
3.64382
3.64939
3.65483
3.65776
3.66158
3.66363
3.66471
3.66652
3.66713
3.6807
3.68452
3.68667
3.68802
3.69154
3.69504
3.69999
3.702
3.7038
3.71605
3.71798
3.71798
3.71842
3.73318
3.75118
3.7557
3.7557
3.76065
3.76177
3.76358
3.77169
3.77864
3.78157
3.78157
3.78215
3.78396
3.78508
3.78689
3.78702
3.78856
3.78882
3.80461
3.80488
3.80655
3.81006
3.81187
3.81187
3.81885
3.82175
3.82731
3.82986
3.8419
3.8453
3.84711
3.85521
3.8577
3.85903
3.87321
3.87502
3.8757
3.88101
3.88295
3.89283
3.89901
3.9019
3.90599
3.90892
3.91093
3.91274
3.91587
3.91587
3.91614
3.92692
3.93186
3.93387
3.93568
3.93919
3.93919
3.94405
3.95316
3.96506
3.96915
3.96958
3.98758
3.99603
4.00089
4.00234
4.00471
4.00686
4.01293
4.02394
4.02775
4.02981
4.03092
4.03273
4.03273
4.03331
4.03624
4.03818
4.03818
4.04806
4.05424
4.05578
4.05604
4.05771
4.05918
4.06122
4.0711
4.07137
4.07291
4.08103
4.08709
4.09091
4.09441
4.09646
4.09884
4.10177
4.12188
4.12437
4.12481
4.12675
4.12686
4.14219
4.14399
4.14775
4.15017
4.15126
4.15306
4.16209
4.1655
4.16704
4.16731
4.17106
4.17808
4.18503
4.18503
4.18854
4.19035
4.1934
4.19521
4.19589
4.21441
4.21622
4.23874
4.2448
4.24719
4.25206
4.25406
4.25587
4.26194
4.26519
4.26811
4.27005
4.2751
4.27711
4.27892
4.28209
4.28232
4.28525
4.28934
4.2931
4.29922
4.3054
4.30829
4.31023
4.31034
4.32226
4.32253
4.33825
4.34026
4.34207
4.34557
4.35
4.35112
4.35293
4.35606
4.37304
4.37597
4.37791
4.37938
4.37938
4.39335
4.39397
4.39891
4.40242
4.40242
4.40436
4.40728
4.4111
4.41666
4.42041
4.42222
4.4362
4.43755
4.4397
4.44457
4.44705
4.46557
4.46794
4.46794
4.49099
4.49125
4.49597
4.50523
4.50523
4.51129
4.5131
4.51635
4.51928
4.52122
4.52827
4.5311
4.53167
4.53348
4.5346
4.5346
4.53641
4.54426
4.55414
4.55441
4.55764
4.55945
4.55958
4.56139
4.56207
4.565
4.57745
4.58538
4.59142
4.60228
4.60723
4.61329
4.62522
4.62873
4.63054
4.63054
4.63429
4.64513
4.64853
4.65143
4.65358
4.65552
4.65845
4.66045
4.66226
4.67158
4.67158
4.67644
4.68871
4.68871
4.7173
4.71911
4.71911
4.7371
4.74061
4.74215
4.74242
4.74555
4.74848
4.75639
4.76014
4.76245
4.77346
4.77728
4.78045
4.78226
4.78284
4.78576
4.78576
4.80376
4.8053
4.80557
4.80881
4.81074
4.81323
4.81616
4.8268
4.82861
4.83416
4.83654
4.84261
4.84394
4.84642
4.85129
4.86445
4.87141
4.87433
4.87433
4.87639
4.87989
4.88546
4.89764
4.8997
4.90078
4.90259
4.91162
4.92059
4.92274
4.9276
4.93118
4.93806
4.93987
4.94542
4.95449
4.96846
4.96846
4.98826
4.99177
4.99177
4.99433
4.99672
4.99783
4.99964
5.00165
5.01131
5.01471
5.01764
5.01764
5.02462
5.02663
5.02844
5.03161
5.04068
5.04262
5.05492
5.05782
5.07796
5.08034
5.08532
5.09377
5.0951
5.09578
5.09759
5.10064
5.10245
5.11177
5.12257
5.12369
5.12549
5.12549
5.1289
5.14349
5.147
5.14881
5.15194
5.15194
5.16994
5.17175
5.18234
5.18923
5.19658
5.20033
5.20565
5.21553
5.21747
5.21962
5.22365
5.24051
5.24078
5.24293
5.24549
5.249
5.25281
5.26382
5.26587
5.26699
5.2688
5.2688
5.27779
5.28413
5.29184
5.29378
5.30717
5.30898
5.30966
5.3116
5.31452
5.32698
5.3315
5.33491
5.33756
5.33783
5.34694
5.35181
5.35795
5.36088
5.36281
5.36293
5.37485
5.37825
5.38006
5.38382
5.39465
5.39816
5.4031
5.4211
5.4211
5.43196
5.4515
5.46488
5.46669
5.46682
5.46863
5.47481
5.48087
5.48469
5.49013
5.49167
5.49194
5.49801
5.50967
5.51317
5.51498
5.51815
5.52053
5.53529
5.55833
5.56082
5.56276
5.56568
5.57633
5.57814
5.57882
5.58368
5.58607
5.58719
5.58873
5.589
5.59213
5.59595
5.60672
5.60911
5.61204
5.61398
5.62386
5.62942
5.63003
5.63498
5.64717
5.67226
5.6807
5.68312
5.70401
5.70401
5.71605
5.71798
5.71798
5.72705
5.73203
5.73404
5.73585
5.74129
5.74129
5.74736
5.74917
5.75118
5.76083
5.76434
5.76717
5.77169
5.79021
5.79814
5.80107
5.80488
5.82749
5.82986
5.82998
5.83484
5.83835
5.84329
5.8453
5.84711
5.85789
5.86129
5.87321
5.87502
5.8812
5.89652
5.89833
5.89901
5.92692
5.93186
5.94792
5.94986
5.95336
5.95517
5.95517
5.96506
5.96915
5.97317
5.97822
5.9852
5.99246
5.99621
5.99852
6.00234
6.01335
6.01652
6.01833
6.04137
6.0493
6.05223
6.05424
6.05604
6.05918
6.07022
6.08103
6.08249
6.08709
6.08736
6.09646
6.10747
6.1104
6.1104
6.11245
6.12437
6.14768
6.15017
6.16724
6.17106
6.17808
6.18148
6.19908
6.20102
6.20453
6.20453
6.21441
6.21622
6.22433
6.2304
6.23421
6.23772
6.24737
6.2627
6.26451
6.26519
6.26768
6.26811
6.27005
6.2931
6.3054
6.31034
6.31641
6.32139
6.32834
6.33185
6.33365
6.33671
6.33825
6.33852
6.35625
6.35864
6.35975
6.36156
6.36156
6.37956
6.41841
6.42041
6.42222
6.43265
6.4364
6.4516
6.45354
6.45569
6.46557
6.47658
6.48156
6.48357
6.48538
6.48888
6.51386
6.51635
6.51928
6.52122
6.53727
6.54426
6.54572
6.54766
6.55059
6.55441
6.56757
6.57363
6.57745
6.5795
6.58301
6.58787
6.60741
6.61092
6.63072
6.63429
6.64853
6.67158
6.67158
6.67644
6.68756
6.69745
6.70095
6.70276
6.70289
6.7047
6.72076
6.72774
6.73473
6.74574
6.7566
6.78844
6.79689
6.79883
6.80175
6.80376
6.80557
6.81488
6.81975
6.82479
6.8268
6.82861
6.83202
6.84279
6.85993
6.88546
6.8997
6.90345
6.91677
6.92059
6.92274
6.9276
6.94861
6.95211
6.95405
6.95405
6.97011
6.97192
6.98724
6.9969
7.00776
7.01471
7.01764
7.01764
7.04068
7.04095
7.04262
7.05492
7.06593
7.06605
7.07091
7.07796
7.08137
7.08318
7.09395
7.10928
7.11109
7.11177
7.13508
7.15461
7.16298
7.16793
7.16994
7.17175
7.18399
7.18593
7.20112
7.20521
7.22127
7.22365
7.23841
7.26587
7.26699
7.2688
7.2688
7.2868
7.2903
7.29184
7.29211
7.29378
7.29525
7.30984
7.31709
7.32316
7.32698
7.33253
7.36044
7.36293
7.38382
7.38624
7.40713
7.41415
7.4211
7.4211
7.43515
7.43709
7.45048
7.45229
7.47028
7.47481
7.48087
7.50126
7.50418
7.50612
7.51815
7.52916
7.53796
7.54147
7.54641
7.561
7.56441
7.57432
7.57633
7.57814
7.59232
7.63003
7.63498
7.65298
7.65648
7.65829
7.67226
7.70164
7.71964
7.72144
7.73203
7.75003
7.75242
7.75534
7.75728
7.76717
7.77334
7.78033
7.79021
7.79048
7.81352
7.81557
7.82749
7.84348
7.86129
7.87036
7.8812
7.8846
7.90414
7.90764
7.90764
7.91251
7.93351
7.9708
7.97317
7.99621
8.00119
8.01652
8.01833
8.0245
8.03983
8.04137
8.04164
8.05937
8.06287
8.06468
8.07022
8.11245
8.12152
8.13576
8.13952
8.15665
8.15881
8.16367
8.18468
8.22433
8.2304
8.24737
8.25078
8.25371
8.25371
8.26768
8.27675
8.27869
8.29099
8.31053
8.31403
8.32139
8.34783
8.37956
8.39068
8.40601
8.40782
8.4364
8.45971
8.48156
8.49956
8.50194
8.50306
8.50487
8.50487
8.52287
8.52791
8.52985
8.54591
8.56304
8.599
8.61989
8.63072
8.65717
8.65717
8.68756
8.71088
8.71694
8.72076
8.74574
8.75072
8.75422
8.77403
8.79707
8.8124
8.81421
8.81488
8.81975
8.84279
8.8661
8.87105
8.88905
8.90833
8.9681
8.97011
8.97192
8.9861
8.9969
9.00323
9.02628
9.06356
9.06605
9.07091
9.09395
9.09736
9.11726
9.14021
9.18399
9.18593
9.20924
9.22127
9.23228
9.23726
9.25259
9.2544
9.27744
9.29543
9.30629
9.34852
9.43515
9.43709
9.45315
9.4604
9.46647
9.47028
9.48344
9.50375
9.5466
9.55745
9.56441
9.59232
9.61563
9.67247
9.70431
9.71763
9.71964
9.72144
9.73562
9.77334
9.81557
9.84348
9.86679
9.92363
9.93351
9.95682
9.9708
9.98181
9.98679
10.0245
10.051
10.0558
10.0789
10.1395
10.1847
10.2027
10.2062
10.208
10.233
10.3021
10.307
10.33
10.3907
10.4201
10.422
10.4538
10.4573
10.5229
10.5459
10.6712
10.6732
10.6892
10.7064
10.774
10.7971
10.8005
10.8284
10.889
10.9404
10.9557
10.9575
10.9861
11.0094
11.0516
11.0795
11.1402
11.1696
11.2069
11.2373
11.2606
11.2954
11.3756
11.4207
11.4387
11.5466
11.6267
11.6899
11.7356
11.7589
11.782
11.9868
12.0101
12.0331
12.1251
12.2222
12.3763
12.4733
12.5315
12.6892
12.7827
12.9404
12.9717
13.2229
13.4387
13.6899
13.9253
14.1764
14.6748
14.926
