-25.1429
-21.0026
-20.9854
-19.8272
-19.8154
-19.7295
-19.6171
-19.4803
-19.3309
-19.1802
-19.0401
-18.9237
-18.8451
-17.7733
-17.763
-17.2096
-17.1989
-16.8451
-16.7281
-16.7147
-16.6774
-16.6274
-16.5747
-16.5283
-16.496
-15.8013
-15.792
-15.6808
-15.6672
-15.6434
-15.6305
-15.5469
-15.532
-15.3974
-15.3821
-15.2211
-15.2057
-15.0389
-15.0236
-14.9075
-14.9039
-14.8706
-14.8617
-14.8538
-14.8368
-14.8139
-14.7961
-14.7441
-14.7289
-14.6804
-14.6669
-14.4916
-14.3547
-14.3274
-14.1929
-14.1657
-14.0396
-14.0288
-14.0049
-13.9583
-13.9443
-13.8776
-13.8741
-13.8489
-13.7501
-13.7318
-13.705
-13.6914
-13.6606
-13.6491
-13.6228
-13.6157
-13.6106
-13.559
-13.5496
-13.5362
-13.4727
-13.3934
-13.3557
-13.2941
-13.2178
-13.2013
-13.1828
-13.0928
-13.0587
-13.052
-13.0152
-12.9017
-12.8167
-12.808
-12.7578
-12.7318
-12.7138
-12.6802
-12.6102
-12.5824
-12.5663
-12.5489
-12.5347
-12.5163
-12.4967
-12.4825
-12.4517
-12.4453
-12.4418
-12.4284
-12.4128
-12.3795
-12.3666
-12.3639
-12.3494
-12.3248
-12.2829
-12.2715
-12.2455
-12.2023
-12.1921
-12.181
-12.1358
-12.0928
-12.0497
-12.0396
-11.8962
-11.8877
-11.8725
-11.8641
-11.8216
-11.8128
-11.7235
-11.7108
-11.6858
-11.6765
-11.6524
-11.6443
-11.6431
-11.6351
-11.5145
-11.5057
-11.5041
-11.4911
-11.4855
-11.4652
-11.4525
-11.4347
-11.4246
-11.4105
-11.3834
-11.3479
-11.3221
-11.2909
-11.2822
-11.2703
-11.2618
-11.2112
-11.205
-11.1987
-11.1919
-11.1538
-11.1223
-11.112
-11.0908
-11.0819
-11.0586
-11.0359
-10.9838
-10.9634
-10.9531
-10.9254
-10.9154
-10.9011
-10.8822
-10.8778
-10.8463
-10.7734
-10.7637
-10.7627
-10.7516
-10.7486
-10.7319
-10.7173
-10.7045
-10.6992
-10.6911
-10.6861
-10.6767
-10.6703
-10.6604
-10.6466
-10.6123
-10.5879
-10.5653
-10.5539
-10.5488
-10.5442
-10.5176
-10.5168
-10.5154
-10.5042
-10.4702
-10.4654
-10.4298
-10.4263
-10.4226
-10.3934
-10.3657
-10.336
-10.3057
-10.2941
-10.2868
-10.2534
-10.2446
-10.2222
-10.1296
-10.1186
-10.0941
-10.0841
-10.0682
-10.0589
-10.0422
-10.0237
-9.99979
-9.989
-9.9651
-9.92811
-9.91759
-9.90096
-9.89031
-9.88136
-9.86175
-9.8518
-9.82973
-9.82929
-9.82545
-9.81341
-9.80481
-9.80182
-9.78785
-9.77677
-9.72471
-9.71498
-9.71155
-9.7007
-9.68
-9.67107
-9.65423
-9.64339
-9.61967
-9.59015
-9.57987
-9.54473
-9.5414
-9.53363
-9.53164
-9.51818
-9.50899
-9.50852
-9.50321
-9.49744
-9.48577
-9.46462
-9.45462
-9.44434
-9.41676
-9.40653
-9.36422
-9.35915
-9.35333
-9.34871
-9.3418
-9.3416
-9.33468
-9.32037
-9.31021
-9.30805
-9.29927
-9.28314
-9.27518
-9.27022
-9.26562
-9.25268
-9.24827
-9.23942
-9.2352
-9.22577
-9.21902
-9.19135
-9.18195
-9.15769
-9.14903
-9.13561
-9.12872
-9.10745
-9.09819
-9.06971
-9.06091
-9.03836
-9.0289
-9.00429
-8.99986
-8.99126
-8.9872
-8.97758
-8.9183
-8.90898
-8.90281
-8.88099
-8.85811
-8.85015
-8.83058
-8.82016
-8.79969
-8.79108
-8.78212
-8.75401
-8.74393
-8.73849
-8.73393
-8.71936
-8.70606
-8.69838
-8.68526
-8.67903
-8.66748
-8.66476
-8.65885
-8.63672
-8.6346
-8.62272
-8.61706
-8.60099
-8.59617
-8.58438
-8.5815
-8.57379
-8.56577
-8.53538
-8.52344
-8.51418
-8.51013
-8.49839
-8.47925
-8.47203
-8.46149
-8.45104
-8.44767
-8.43646
-8.42269
-8.42184
-8.41618
-8.40428
-8.39248
-8.38802
-8.3774
-8.36664
-8.35325
-8.34392
-8.33921
-8.33126
-8.32307
-8.31879
-8.30658
-8.30173
-8.29204
-8.27465
-8.27285
-8.26482
-8.25643
-8.2416
-8.2348
-8.22609
-8.22021
-8.19787
-8.18687
-8.17235
-8.16871
-8.16057
-8.15234
-8.14553
-8.13453
-8.12791
-8.11641
-8.09826
-8.0926
-8.08697
-8.08158
-8.0702
-8.06584
-8.06363
-8.04207
-8.03415
-8.03009
-8.02432
-8.01705
-7.98002
-7.96467
-7.95368
-7.94903
-7.9304
-7.91051
-7.90052
-7.89544
-7.89321
-7.88531
-7.87491
-7.87019
-7.85978
-7.85908
-7.85784
-7.85146
-7.84383
-7.83849
-7.79405
-7.79062
-7.782
-7.7468
-7.74644
-7.74165
-7.73707
-7.72295
-7.70539
-7.70153
-7.70063
-7.68794
-7.66307
-7.65325
-7.64572
-7.6427
-7.63431
-7.6293
-7.62441
-7.61716
-7.58187
-7.56937
-7.5649
-7.54164
-7.53513
-7.53303
-7.52584
-7.51645
-7.50752
-7.4913
-7.48354
-7.47611
-7.47113
-7.46951
-7.46597
-7.45787
-7.454
-7.43331
-7.42375
-7.41858
-7.41114
-7.41048
-7.39521
-7.38781
-7.38386
-7.38067
-7.37618
-7.37339
-7.36763
-7.35599
-7.34658
-7.33599
-7.32704
-7.31474
-7.30855
-7.30723
-7.30599
-7.30262
-7.29405
-7.28915
-7.28474
-7.27952
-7.23619
-7.22759
-7.19938
-7.19432
-7.18801
-7.18415
-7.17813
-7.17189
-7.1658
-7.16176
-7.15551
-7.14167
-7.13872
-7.13275
-7.11941
-7.11221
-7.10928
-7.09009
-7.08612
-7.08108
-7.07782
-7.05473
-7.04811
-7.04645
-7.04129
-7.03925
-7.03236
-7.03053
-7.0226
-7.01605
-7.01078
-7.00276
-6.99023
-6.98497
-6.98274
-6.97687
-6.97272
-6.96703
-6.96313
-6.951
-6.94359
-6.93519
-6.92881
-6.91129
-6.90815
-6.903
-6.89918
-6.88678
-6.88036
-6.87648
-6.87023
-6.86398
-6.85985
-6.84757
-6.84479
-6.84216
-6.83317
-6.81122
-6.80246
-6.77857
-6.77084
-6.76922
-6.76028
-6.75311
-6.75009
-6.74949
-6.7429
-6.73702
-6.7289
-6.72536
-6.72291
-6.71887
-6.68582
-6.66664
-6.6554
-6.64703
-6.63799
-6.63427
-6.62609
-6.62391
-6.6134
-6.60772
-6.59995
-6.58527
-6.58326
-6.58069
-6.57024
-6.56402
-6.56152
-6.55371
-6.55053
-6.54397
-6.53827
-6.5338
-6.51767
-6.50675
-6.50265
-6.50038
-6.48202
-6.47323
-6.46251
-6.45682
-6.4488
-6.44493
-6.44387
-6.44262
-6.43601
-6.42736
-6.41974
-6.41163
-6.41047
-6.40747
-6.40377
-6.39798
-6.39664
-6.38791
-6.38538
-6.37554
-6.37389
-6.36734
-6.35768
-6.35569
-6.34144
-6.33327
-6.32825
-6.32008
-6.31661
-6.31137
-6.30459
-6.29286
-6.2823
-6.28096
-6.27941
-6.27506
-6.26286
-6.25721
-6.24065
-6.23401
-6.23195
-6.22523
-6.2164
-6.21107
-6.20125
-6.18947
-6.18651
-6.17813
-6.17316
-6.15925
-6.15635
-6.1519
-6.14293
-6.14153
-6.12909
-6.12298
-6.11946
-6.1136
-6.10345
-6.0934
-6.08441
-6.07962
-6.0717
-6.07029
-6.0676
-6.04335
-6.03702
-6.0251
-6.01201
-6.00921
-6.00198
-5.99276
-5.98701
-5.97707
-5.96571
-5.96059
-5.94308
-5.93345
-5.92798
-5.9235
-5.91764
-5.90939
-5.90547
-5.90359
-5.89716
-5.89439
-5.88761
-5.88602
-5.88052
-5.86401
-5.85321
-5.84363
-5.8417
-5.83408
-5.8274
-5.82386
-5.82217
-5.81618
-5.81254
-5.80609
-5.79907
-5.78925
-5.78659
-5.78025
-5.77457
-5.76044
-5.75083
-5.71771
-5.71643
-5.71578
-5.71226
-5.7054
-5.70344
-5.69871
-5.69107
-5.68137
-5.675
-5.67028
-5.66773
-5.65392
-5.65212
-5.64192
-5.63775
-5.62635
-5.61745
-5.61188
-5.60225
-5.5879
-5.58234
-5.57947
-5.57637
-5.56727
-5.55867
-5.55364
-5.55029
-5.54821
-5.54041
-5.53295
-5.52747
-5.52175
-5.51479
-5.51369
-5.50916
-5.50443
-5.50173
-5.48989
-5.48091
-5.47453
-5.4727
-5.46549
-5.45055
-5.44635
-5.44275
-5.44002
-5.43544
-5.4323
-5.4268
-5.41893
-5.41383
-5.41111
-5.40117
-5.39556
-5.39078
-5.38053
-5.3762
-5.37329
-5.37088
-5.36913
-5.36482
-5.36008
-5.35859
-5.3513
-5.33749
-5.33261
-5.32702
-5.32105
-5.31375
-5.30776
-5.29686
-5.2873
-5.27942
-5.27523
-5.2731
-5.2642
-5.25884
-5.25532
-5.2509
-5.24852
-5.24263
-5.24248
-5.23452
-5.22607
-5.22133
-5.21352
-5.21093
-5.20828
-5.20459
-5.19551
-5.19488
-5.18875
-5.18586
-5.18014
-5.1758
-5.17354
-5.17137
-5.16647
-5.16362
-5.15075
-5.14793
-5.1438
-5.13239
-5.12651
-5.12187
-5.11757
-5.11246
-5.10761
-5.10349
-5.09518
-5.09311
-5.0898
-5.08668
-5.07746
-5.07424
-5.06077
-5.05958
-5.05166
-5.04845
-5.04411
-5.0421
-5.03818
-5.03335
-5.03158
-5.02658
-5.02159
-5.01767
-5.01343
-5.00794
-4.99955
-4.99603
-4.99239
-4.98644
-4.98243
-4.97774
-4.96549
-4.95907
-4.95244
-4.948
-4.94261
-4.93707
-4.9261
-4.925
-4.91602
-4.90449
-4.90156
-4.89778
-4.89219
-4.88414
-4.87275
-4.87088
-4.86828
-4.86644
-4.86117
-4.85998
-4.85063
-4.83762
-4.83353
-4.83016
-4.82852
-4.81712
-4.81087
-4.80569
-4.79757
-4.79723
-4.79671
-4.79054
-4.78449
-4.77034
-4.76969
-4.76583
-4.75453
-4.74297
-4.73893
-4.73059
-4.7219
-4.72096
-4.71667
-4.71503
-4.70074
-4.69594
-4.6878
-4.68543
-4.65787
-4.65352
-4.65147
-4.64892
-4.62619
-4.62114
-4.61525
-4.61218
-4.60913
-4.6078
-4.604
-4.59769
-4.5924
-4.59083
-4.58678
-4.58577
-4.5834
-4.58062
-4.57482
-4.57241
-4.55823
-4.55595
-4.5517
-4.54483
-4.54032
-4.53464
-4.52801
-4.52105
-4.51816
-4.51565
-4.50898
-4.50509
-4.49746
-4.49404
-4.4809
-4.47578
-4.46973
-4.46642
-4.46098
-4.45772
-4.4571
-4.44409
-4.43899
-4.43546
-4.43231
-4.42817
-4.41755
-4.40951
-4.40105
-4.39671
-4.39301
-4.38518
-4.37876
-4.37703
-4.37216
-4.36817
-4.36569
-4.36267
-4.35751
-4.35152
-4.34627
-4.34184
-4.34106
-4.34024
-4.33756
-4.33668
-4.33355
-4.32817
-4.32407
-4.32085
-4.31777
-4.31457
-4.31243
-4.30887
-4.29929
-4.29271
-4.28646
-4.27977
-4.27596
-4.27506
-4.27064
-4.26631
-4.26499
-4.25964
-4.24952
-4.24696
-4.24408
-4.23955
-4.23115
-4.22943
-4.21948
-4.21676
-4.21241
-4.20202
-4.19935
-4.19333
-4.18675
-4.18217
-4.17486
-4.16911
-4.16442
-4.15947
-4.15005
-4.13886
-4.13366
-4.11965
-4.11089
-4.10734
-4.10393
-4.1002
-4.09087
-4.07424
-4.06933
-4.06745
-4.06319
-4.05844
-4.0517
-4.04522
-4.03967
-4.03681
-4.02772
-4.02687
-4.02153
-4.0122
-4.00562
-4.00046
-4.00002
-3.99506
-3.99035
-3.98763
-3.98622
-3.98182
-3.98011
-3.97889
-3.97103
-3.96877
-3.9673
-3.96676
-3.95935
-3.95202
-3.94665
-3.94141
-3.9355
-3.92398
-3.92045
-3.91448
-3.90984
-3.90682
-3.89942
-3.89063
-3.88524
-3.88174
-3.86501
-3.86176
-3.85793
-3.85467
-3.85069
-3.84812
-3.84616
-3.83737
-3.83547
-3.82691
-3.82524
-3.81293
-3.81191
-3.80615
-3.79771
-3.79126
-3.77995
-3.77897
-3.77757
-3.77328
-3.77132
-3.76835
-3.76523
-3.76037
-3.75474
-3.75462
-3.75207
-3.7519
-3.74656
-3.74433
-3.74161
-3.73756
-3.73164
-3.727
-3.72502
-3.72049
-3.71894
-3.71393
-3.70992
-3.70663
-3.70594
-3.70392
-3.70136
-3.69525
-3.69202
-3.68977
-3.68328
-3.68026
-3.6663
-3.66168
-3.65564
-3.64284
-3.63474
-3.6274
-3.62257
-3.61466
-3.60893
-3.60289
-3.59486
-3.59389
-3.58921
-3.58315
-3.57467
-3.56664
-3.56177
-3.56027
-3.55589
-3.55396
-3.55076
-3.54191
-3.53632
-3.53141
-3.51772
-3.51203
-3.50906
-3.50751
-3.50552
-3.50014
-3.4947
-3.49376
-3.49002
-3.48843
-3.48049
-3.47802
-3.47678
-3.47264
-3.46923
-3.46744
-3.46485
-3.45847
-3.4522
-3.44797
-3.44547
-3.4331
-3.43141
-3.42373
-3.42131
-3.41866
-3.41674
-3.41383
-3.40694
-3.40507
-3.40191
-3.3931
-3.38559
-3.37497
-3.37137
-3.36473
-3.36286
-3.35774
-3.3525
-3.34523
-3.34417
-3.33466
-3.33292
-3.32715
-3.32316
-3.3184
-3.31197
-3.30773
-3.30137
-3.29903
-3.29274
-3.28905
-3.28831
-3.28532
-3.28187
-3.28106
-3.27635
-3.26789
-3.26503
-3.26236
-3.25821
-3.24103
-3.23926
-3.23554
-3.23261
-3.22703
-3.21902
-3.21412
-3.21291
-3.21035
-3.20667
-3.20194
-3.20039
-3.19625
-3.19218
-3.18916
-3.18494
-3.18397
-3.18244
-3.17935
-3.17745
-3.17598
-3.16904
-3.16742
-3.15909
-3.15607
-3.15031
-3.14547
-3.13838
-3.13017
-3.1258
-3.11987
-3.11698
-3.1158
-3.11285
-3.10464
-3.10373
-3.10091
-3.09266
-3.08817
-3.08748
-3.08363
-3.07715
-3.06565
-3.06408
-3.06133
-3.04812
-3.04683
-3.04295
-3.03292
-3.03026
-3.02732
-3.01705
-3.01077
-3.00894
-3.00276
-2.99977
-2.98853
-2.983
-2.97785
-2.97415
-2.97135
-2.96941
-2.9651
-2.95969
-2.95715
-2.95258
-2.94312
-2.93815
-2.93511
-2.93094
-2.93036
-2.92106
-2.9164
-2.91573
-2.90644
-2.90405
-2.89422
-2.88857
-2.88669
-2.88443
-2.88105
-2.87916
-2.87155
-2.86698
-2.86444
-2.84905
-2.84793
-2.84332
-2.83628
-2.83548
-2.82984
-2.82334
-2.81973
-2.81139
-2.80977
-2.80587
-2.79896
-2.79568
-2.79229
-2.79071
-2.77905
-2.77557
-2.77512
-2.76847
-2.76234
-2.76038
-2.75799
-2.75474
-2.75192
-2.74626
-2.7428
-2.73873
-2.73821
-2.7368
-2.73051
-2.72725
-2.72346
-2.72064
-2.71344
-2.71107
-2.70856
-2.70755
-2.70447
-2.70366
-2.70212
-2.69649
-2.69437
-2.69306
-2.68935
-2.68685
-2.68261
-2.67833
-2.67404
-2.67185
-2.66698
-2.66351
-2.65833
-2.65239
-2.64898
-2.64375
-2.63882
-2.63456
-2.63048
-2.62523
-2.62401
-2.61922
-2.61775
-2.61625
-2.61332
-2.60836
-2.60589
-2.59941
-2.59637
-2.5902
-2.5886
-2.57611
-2.57433
-2.56985
-2.56768
-2.56134
-2.55075
-2.54481
-2.54028
-2.53536
-2.53202
-2.52773
-2.52674
-2.522
-2.51746
-2.51241
-2.50522
-2.50466
-2.5011
-2.49606
-2.49433
-2.49194
-2.49028
-2.48594
-2.48013
-2.47901
-2.47662
-2.47289
-2.46925
-2.46678
-2.46401
-2.46244
-2.45932
-2.45209
-2.45044
-2.4423
-2.43365
-2.43113
-2.42539
-2.42001
-2.4149
-2.41231
-2.40439
-2.39849
-2.39725
-2.39087
-2.3841
-2.37716
-2.37235
-2.3705
-2.36813
-2.36715
-2.36278
-2.3625
-2.35293
-2.344
-2.33422
-2.32652
-2.31801
-2.31563
-2.31045
-2.30452
-2.30061
-2.29619
-2.28983
-2.28791
-2.28251
-2.27743
-2.27247
-2.2666
-2.26243
-2.25255
-2.24836
-2.2429
-2.23595
-2.23097
-2.22985
-2.22375
-2.21999
-2.21862
-2.21743
-2.21176
-2.20855
-2.20539
-2.19438
-2.18833
-2.18565
-2.18357
-2.18018
-2.17648
-2.1717
-2.16905
-2.1648
-2.16204
-2.15893
-2.1576
-2.15279
-2.1514
-2.1436
-2.14054
-2.13728
-2.13305
-2.12873
-2.12086
-2.11507
-2.1131
-2.1072
-2.10602
-2.10239
-2.09703
-2.09531
-2.09334
-2.09026
-2.08462
-2.08274
-2.07556
-2.07275
-2.06935
-2.06515
-2.06335
-2.05924
-2.05725
-2.05491
-2.05367
-2.04658
-2.04615
-2.04458
-2.04039
-2.03746
-2.03458
-2.03336
-2.02761
-2.01959
-2.01187
-2.0043
-2.00278
-1.99679
-1.99534
-1.99208
-1.98708
-1.98327
-1.97589
-1.97398
-1.97309
-1.96911
-1.9685
-1.965
-1.96015
-1.95721
-1.94855
-1.94323
-1.94286
-1.93656
-1.93423
-1.93199
-1.93138
-1.92541
-1.9229
-1.91809
-1.91521
-1.91116
-1.90768
-1.90502
-1.89871
-1.89298
-1.88861
-1.88671
-1.87852
-1.87598
-1.87172
-1.86982
-1.86096
-1.85764
-1.85248
-1.84751
-1.83723
-1.83168
-1.82803
-1.8207
-1.81983
-1.81654
-1.8089
-1.7997
-1.79617
-1.79489
-1.79255
-1.7901
-1.78077
-1.77984
-1.7789
-1.77513
-1.77147
-1.75955
-1.75488
-1.75254
-1.7488
-1.74355
-1.73958
-1.73746
-1.73173
-1.73083
-1.72631
-1.71936
-1.71393
-1.70819
-1.70221
-1.69797
-1.69548
-1.69394
-1.68981
-1.68728
-1.68404
-1.67879
-1.67194
-1.66788
-1.66238
-1.65803
-1.65598
-1.6511
-1.64665
-1.64603
-1.64319
-1.63282
-1.62393
-1.62185
-1.62037
-1.61577
-1.61402
-1.61087
-1.60881
-1.60795
-1.60167
-1.5983
-1.59509
-1.5905
-1.58468
-1.58035
-1.57273
-1.57078
-1.56786
-1.56502
-1.56416
-1.55847
-1.55589
-1.55422
-1.54895
-1.54626
-1.54482
-1.53819
-1.5339
-1.52263
-1.51665
-1.51588
-1.5128
-1.51053
-1.50796
-1.50395
-1.50138
-1.49847
-1.49449
-1.48918
-1.48792
-1.4839
-1.47991
-1.47615
-1.47467
-1.47025
-1.46362
-1.4605
-1.45269
-1.45162
-1.44689
-1.44515
-1.43984
-1.43777
-1.43397
-1.43055
-1.42588
-1.41794
-1.41597
-1.41147
-1.40952
-1.40633
-1.40381
-1.40118
-1.39837
-1.39355
-1.38825
-1.38555
-1.37982
-1.37645
-1.37381
-1.37166
-1.369
-1.36008
-1.35432
-1.35276
-1.34632
-1.33854
-1.33463
-1.33083
-1.32984
-1.32732
-1.32327
-1.32177
-1.31318
-1.31283
-1.3104
-1.3073
-1.30308
-1.30121
-1.30053
-1.29161
-1.28806
-1.28534
-1.2825
-1.27915
-1.27611
-1.27354
-1.26358
-1.26025
-1.25744
-1.25101
-1.24877
-1.24535
-1.24057
-1.23889
-1.23347
-1.22935
-1.22748
-1.22255
-1.2197
-1.21808
-1.21584
-1.21393
-1.21073
-1.21053
-1.20557
-1.20392
-1.20268
-1.19784
-1.19441
-1.18625
-1.18006
-1.17606
-1.17089
-1.16111
-1.15927
-1.15387
-1.1522
-1.14442
-1.1425
-1.13901
-1.1336
-1.13289
-1.12777
-1.12289
-1.12184
-1.10799
-1.10592
-1.09997
-1.09682
-1.09469
-1.09295
-1.08618
-1.08479
-1.08137
-1.07836
-1.07525
-1.07449
-1.07231
-1.0676
-1.06532
-1.05616
-1.0555
-1.0518
-1.05098
-1.0497
-1.04913
-1.04781
-1.04466
-1.04182
-1.03462
-1.03351
-1.0286
-1.02151
-1.01761
-1.01653
-1.01216
-1.00788
-1.00228
-1.00182
-0.999297
-0.996851
-0.990974
-0.983658
-0.979548
-0.97803
-0.97373
-0.971045
-0.967229
-0.962983
-0.95886
-0.954439
-0.94891
-0.94585
-0.94365
-0.936517
-0.933247
-0.926694
-0.924665
-0.922131
-0.914127
-0.910456
-0.904316
-0.901313
-0.899335
-0.893811
-0.888761
-0.886729
-0.884203
-0.882532
-0.878879
-0.878398
-0.871305
-0.869608
-0.861439
-0.8608
-0.858879
-0.856777
-0.853029
-0.848825
-0.846227
-0.842888
-0.840062
-0.836946
-0.832775
-0.829651
-0.821865
-0.820572
-0.818866
-0.815587
-0.813198
-0.807802
-0.803628
-0.802062
-0.800092
-0.797663
-0.795068
-0.791481
-0.78894
-0.786446
-0.78121
-0.772534
-0.769347
-0.766912
-0.762503
-0.761646
-0.759828
-0.758527
-0.755665
-0.752621
-0.750768
-0.74779
-0.737703
-0.72714
-0.722376
-0.717402
-0.713066
-0.712022
-0.707732
-0.699159
-0.697089
-0.694914
-0.69318
-0.691533
-0.678632
-0.669869
-0.667
-0.665055
-0.66307
-0.658684
-0.654871
-0.653952
-0.645988
-0.643968
-0.631135
-0.630213
-0.627786
-0.624337
-0.620825
-0.618974
-0.617308
-0.613302
-0.610097
-0.60672
-0.595531
-0.593565
-0.590502
-0.584397
-0.580525
-0.578808
-0.571658
-0.569365
-0.567179
-0.556342
-0.552914
-0.54943
-0.548826
-0.546951
-0.54349
-0.541101
-0.537206
-0.536352
-0.530813
-0.530059
-0.527884
-0.52185
-0.52041
-0.517662
-0.512649
-0.510268
-0.506297
-0.504673
-0.502722
-0.497497
-0.492496
-0.488639
-0.483523
-0.479883
-0.476485
-0.474149
-0.471122
-0.468383
-0.467672
-0.464168
-0.458652
-0.452982
-0.450088
-0.44809
-0.446058
-0.440052
-0.430489
-0.429634
-0.42446
-0.418886
-0.418125
-0.416257
-0.413224
-0.410042
-0.401497
-0.390535
-0.388622
-0.382084
-0.378791
-0.376001
-0.3731
-0.369103
-0.365779
-0.362039
-0.35741
-0.35448
-0.351507
-0.345
-0.338784
-0.330376
-0.330007
-0.326416
-0.314697
-0.310566
-0.305108
-0.302046
-0.298311
-0.297228
-0.294445
-0.293399
-0.282959
-0.280715
-0.27976
-0.274076
-0.270837
-0.269815
-0.265934
-0.264275
-0.261723
-0.258548
-0.25485
-0.251269
-0.24969
-0.24614
-0.243777
-0.240306
-0.239621
-0.235232
-0.231144
-0.227669
-0.217643
-0.2149
-0.213645
-0.210105
-0.210017
-0.20608
-0.203256
-0.201322
-0.198841
-0.196747
-0.195126
-0.195029
-0.182829
-0.179637
-0.176252
-0.175521
-0.171592
-0.165863
-0.163358
-0.161038
-0.155738
-0.153693
-0.151674
-0.146796
-0.142488
-0.138992
-0.136199
-0.13259
-0.128028
-0.126931
-0.12354
-0.120001
-0.115158
-0.109838
-0.107694
-0.104154
-0.0975669
-0.0954679
-0.088452
-0.084351
-0.0823766
-0.0786459
-0.0762335
-0.0743484
-0.0728079
-0.0672062
-0.0644352
-0.0618118
-0.0595111
-0.0586052
-0.0506507
-0.0434203
-0.0412244
-0.0354398
-0.0341478
-0.0327306
-0.0198814
-0.0171805
-0.0141218
-0.0124839
-0.0117508
-0.00737788
-0.000617571
0.00212535
0.00526948
0.011806
0.0143577
0.0199044
0.0236676
0.0284394
0.0356639
0.0383438
0.0418987
0.0460282
0.0498036
0.0543799
0.0568237
0.0628456
0.0667418
0.0705054
0.0716529
0.0773888
0.0866893
0.0887423
0.0916301
0.0949965
0.0992556
0.10047
0.10825
0.110324
0.114799
0.115219
0.119173
0.121803
0.125038
0.132749
0.133593
0.142918
0.143783
0.147253
0.150846
0.15508
0.157312
0.163167
0.166989
0.169286
0.172619
0.17682
0.180182
0.181144
0.184354
0.18773
0.189299
0.195179
0.198255
0.203998
0.208488
0.212501
0.213249
0.21725
0.222976
0.233821
0.238797
0.241887
0.243992
0.245779
0.249251
0.252995
0.254074
0.254804
0.260619
0.262651
0.264679
0.271154
0.274773
0.276844
0.278704
0.28413
0.285048
0.289722
0.290231
0.295896
0.29827
0.300995
0.306194
0.309491
0.311004
0.313278
0.317951
0.321005
0.324023
0.324845
0.329621
0.330168
0.333439
0.336161
0.337816
0.341919
0.344897
0.345526
0.348061
0.35161
0.352592
0.356935
0.358038
0.364355
0.368057
0.371551
0.383692
0.389789
0.394509
0.397307
0.40017
0.402015
0.406112
0.4114
0.412633
0.418674
0.420166
0.428695
0.433676
0.437207
0.43994
0.442572
0.448079
0.448557
0.45308
0.453424
0.457832
0.45892
0.46577
0.469531
0.470907
0.479648
0.48176
0.485169
0.489508
0.491595
0.496595
0.505352
0.506243
0.512281
0.517347
0.521892
0.522505
0.528132
0.529229
0.53088
0.531524
0.533748
0.535917
0.540441
0.545861
0.54901
0.551357
0.553833
0.558475
0.560514
0.567827
0.572176
0.580464
0.583862
0.585094
0.587725
0.590432
0.595805
0.597216
0.599832
0.604232
0.605839
0.60943
0.609835
0.614052
0.616464
0.618955
0.621587
0.627819
0.632916
0.634239
0.637749
0.644084
0.646046
0.649138
0.653519
0.656306
0.668933
0.674666
0.677735
0.680916
0.683202
0.688329
0.689406
0.69171
0.696961
0.698784
0.703975
0.707689
0.709484
0.718855
0.720057
0.72215
0.723896
0.730049
0.732098
0.741537
0.741834
0.744925
0.751767
0.755439
0.760298
0.760888
0.765583
0.768194
0.776245
0.780992
0.783347
0.784562
0.792443
0.79634
0.804966
0.806838
0.811414
0.815275
0.82374
0.825847
0.828021
0.834516
0.840695
0.844956
0.84551
0.851086
0.853697
0.854166
0.857292
0.860412
0.865826
0.876297
0.878486
0.880175
0.881511
0.88571
0.891972
0.896858
0.898781
0.900165
0.904849
0.907619
0.910504
0.913004
0.913432
0.916201
0.918351
0.922664
0.928176
0.930653
0.933117
0.93625
0.940705
0.941746
0.944096
0.947388
0.95132
0.954245
0.957392
0.963273
0.96609
0.968208
0.971746
0.974916
0.981853
0.982599
0.986098
0.98653
0.993647
0.998135
0.998741
1.00317
1.00579
1.0081
1.01009
1.01139
1.01792
1.02116
1.02512
1.02715
1.02983
1.03136
1.03665
1.03817
1.05462
1.05563
1.06108
1.06305
1.06749
1.07135
1.07264
1.07344
1.0759
1.09051
1.09268
1.09501
1.09822
1.09975
1.10181
1.1063
1.11357
1.11479
1.12064
1.12591
1.12816
1.13134
1.13748
1.13997
1.14366
1.14621
1.14875
1.1544
1.15567
1.15714
1.16559
1.1722
1.17416
1.17611
1.17954
1.18251
1.1907
1.19169
1.19324
1.19806
1.20044
1.20519
1.2095
1.21163
1.21752
1.22527
1.22565
1.22836
1.233
1.23348
1.23678
1.23745
1.2426
1.24512
1.2565
1.25692
1.26187
1.27055
1.27124
1.28323
1.28436
1.28652
1.28829
1.29351
1.29482
1.303
1.30692
1.31542
1.31701
1.31979
1.32793
1.32865
1.33114
1.33217
1.33767
1.33923
1.34199
1.3431
1.35324
1.35545
1.35882
1.36219
1.36227
1.37161
1.37396
1.37528
1.37618
1.37801
1.3821
1.38561
1.38962
1.39374
1.39688
1.39888
1.40144
1.40322
1.40604
1.40949
1.41173
1.41259
1.41505
1.41791
1.4233
1.43043
1.4352
1.43685
1.44024
1.44333
1.44701
1.45029
1.45287
1.4601
1.4613
1.46355
1.46791
1.47232
1.47444
1.47747
1.48734
1.49053
1.4933
1.49667
1.49967
1.50113
1.50344
1.50624
1.50738
1.50839
1.51212
1.5139
1.51592
1.51659
1.52078
1.52358
1.52995
1.53249
1.53324
1.54034
1.54299
1.55139
1.55464
1.55634
1.56242
1.56603
1.56949
1.5721
1.57392
1.57731
1.57804
1.58161
1.58397
1.5918
1.59659
1.59853
1.60074
1.60195
1.60956
1.61623
1.6181
1.6234
1.62911
1.63325
1.6376
1.64038
1.64676
1.6496
1.65838
1.66036
1.66934
1.67049
1.67398
1.67699
1.67866
1.68139
1.6847
1.68609
1.6889
1.69289
1.6972
1.70015
1.70266
1.70491
1.70732
1.71038
1.71081
1.71706
1.72265
1.7244
1.72667
1.7288
1.74023
1.74336
1.74531
1.7476
1.74929
1.75415
1.75724
1.75884
1.76175
1.76975
1.77225
1.77351
1.7736
1.77637
1.78002
1.78065
1.7835
1.79033
1.79871
1.80255
1.80291
1.80503
1.81345
1.81513
1.81844
1.82373
1.82573
1.82713
1.83547
1.83673
1.84002
1.84207
1.84903
1.84971
1.85129
1.85268
1.85502
1.86384
1.87012
1.87447
1.87751
1.88221
1.88662
1.88779
1.89015
1.89105
1.89779
1.89979
1.90025
1.90308
1.90886
1.91365
1.91605
1.92049
1.92443
1.92482
1.92731
1.93267
1.93287
1.93919
1.94905
1.95361
1.95466
1.95832
1.96133
1.96869
1.97269
1.97445
1.9796
1.98561
1.98824
1.99208
2.0017
2.00234
2.00804
2.01077
2.01686
2.02684
2.02809
2.0337
2.03679
2.03919
2.04742
2.05122
2.05297
2.05412
2.05552
2.05792
2.06354
2.06905
2.06914
2.07157
2.07903
2.08339
2.08755
2.09133
2.09668
2.1014
2.10557
2.10709
2.10988
2.11409
2.1182
2.12102
2.12176
2.12541
2.13082
2.13186
2.13524
2.14266
2.14602
2.14791
2.15572
2.15645
2.15696
2.15936
2.1607
2.16556
2.16698
2.17287
2.17689
2.17881
2.18276
2.18676
2.18854
2.19711
2.1982
2.20161
2.20482
2.21203
2.21426
2.21588
2.21885
2.22123
2.22933
2.23096
2.23222
2.24542
2.24846
2.25002
2.25443
2.25811
2.26151
2.26376
2.26626
2.26763
2.27024
2.27203
2.27818
2.28222
2.28361
2.28783
2.28908
2.29319
2.30459
2.30792
2.31152
2.31345
2.31636
2.32093
2.32145
2.32525
2.32852
2.33635
2.33691
2.33872
2.34331
2.34556
2.34948
2.35401
2.35804
2.36391
2.36506
2.36904
2.37749
2.37829
2.37943
2.38173
2.38832
2.3926
2.39819
2.40211
2.40756
2.41103
2.41281
2.41637
2.42369
2.42645
2.42702
2.42976
2.4369
2.44217
2.44434
2.44757
2.45102
2.45362
2.46253
2.46281
2.46682
2.46941
2.47274
2.47398
2.47551
2.48001
2.48257
2.48735
2.49041
2.49118
2.50108
2.50456
2.50609
2.50986
2.51309
2.52069
2.52353
2.52531
2.53316
2.53371
2.53761
2.53957
2.54268
2.54442
2.54611
2.55328
2.55362
2.55666
2.56001
2.5667
2.57105
2.57271
2.57614
2.5811
2.58428
2.58786
2.59164
2.59626
2.59779
2.60347
2.60595
2.60723
2.61013
2.6208
2.62168
2.62399
2.6247
2.62895
2.63286
2.63982
2.64387
2.65005
2.65105
2.65415
2.65458
2.6655
2.6679
2.6785
2.68068
2.6821
2.68415
2.68929
2.69242
2.70028
2.70335
2.70754
2.71014
2.71129
2.71273
2.71675
2.72144
2.72704
2.73061
2.73248
2.74044
2.74758
2.75106
2.75402
2.75663
2.76103
2.76314
2.76924
2.76991
2.7761
2.78137
2.78655
2.79048
2.79304
2.79883
2.8
2.80301
2.8138
2.82189
2.82419
2.82864
2.83061
2.83429
2.83733
2.84015
2.8435
2.84485
2.84935
2.85453
2.85923
2.8633
2.86551
2.86697
2.86894
2.87448
2.87557
2.87803
2.88606
2.88865
2.89181
2.89575
2.89704
2.90007
2.90714
2.91409
2.91595
2.92307
2.92719
2.92852
2.93276
2.93737
2.94686
2.94935
2.95056
2.95998
2.96494
2.96788
2.96872
2.96984
2.98021
2.98331
2.98444
2.99013
2.99604
2.99737
2.99905
3.00137
3.00437
3.00817
3.00894
3.0113
3.0121
3.01521
3.018
3.02358
3.0252
3.03067
3.03687
3.03959
3.04201
3.04632
3.04774
3.05474
3.05744
3.05849
3.06252
3.06853
3.07034
3.07378
3.08201
3.08448
3.0873
3.09668
3.10288
3.10327
3.10536
3.11018
3.11301
3.12316
3.12725
3.12994
3.13776
3.13792
3.1393
3.14544
3.15349
3.15801
3.15905
3.16289
3.16853
3.16927
3.17835
3.18059
3.18311
3.18715
3.1887
3.19232
3.20486
3.20592
3.20712
3.21061
3.21502
3.21604
3.23121
3.23369
3.23422
3.23776
3.23908
3.24298
3.24535
3.25103
3.25443
3.25551
3.25791
3.26031
3.26815
3.26896
3.27553
3.28067
3.28706
3.29327
3.29946
3.30211
3.31128
3.3146
3.3154
3.32041
3.32494
3.32617
3.32894
3.33565
3.33713
3.33994
3.34194
3.34809
3.35218
3.35474
3.35661
3.36161
3.36908
3.37109
3.37496
3.37895
3.38286
3.38422
3.38492
3.38816
3.38885
3.39708
3.4024
3.40358
3.40714
3.41105
3.41411
3.41974
3.42264
3.42556
3.42976
3.43264
3.43846
3.44048
3.44561
3.44731
3.45101
3.45947
3.46472
3.46949
3.47316
3.47397
3.47693
3.48179
3.48994
3.49187
3.49519
3.50044
3.50615
3.50747
3.50946
3.51327
3.5176
3.52272
3.52519
3.5254
3.52868
3.53383
3.53552
3.54104
3.54325
3.54584
3.5471
3.55428
3.55628
3.56024
3.56691
3.56914
3.57071
3.57309
3.57514
3.58202
3.58277
3.58761
3.59314
3.59763
3.59997
3.6066
3.6114
3.6159
3.62233
3.62718
3.62963
3.63165
3.63459
3.6375
3.64224
3.64382
3.64768
3.65079
3.65249
3.65904
3.66267
3.66563
3.66782
3.67148
3.6723
3.67441
3.67949
3.68389
3.69035
3.69405
3.70007
3.70518
3.71375
3.71583
3.71832
3.71968
3.72672
3.73828
3.74121
3.74485
3.74602
3.74894
3.75633
3.76307
3.76382
3.77042
3.77423
3.77934
3.77939
3.786
3.80119
3.80346
3.80444
3.80818
3.81243
3.81364
3.81975
3.82179
3.82981
3.83369
3.84326
3.84394
3.84627
3.84702
3.85126
3.86027
3.86502
3.86706
3.8685
3.87527
3.87593
3.88811
3.88922
3.89044
3.89316
3.89524
3.89887
3.90287
3.90952
3.91197
3.91632
3.91852
3.9211
3.92608
3.92866
3.9335
3.93496
3.94146
3.94785
3.95242
3.95757
3.96918
3.97102
3.97491
3.97835
3.98447
3.98847
3.98954
3.9926
3.99768
4.00226
4.00362
4.00927
4.01247
4.01426
4.01815
4.02474
4.03136
4.03799
4.03808
4.04017
4.0476
4.05119
4.0568
4.0631
4.06349
4.06565
4.07329
4.07402
4.0772
4.08556
4.08698
4.09111
4.09858
4.10162
4.1041
4.108
4.11945
4.1221
4.12408
4.12906
4.13421
4.14163
4.14657
4.15007
4.15437
4.15636
4.16132
4.16345
4.1649
4.17602
4.17894
4.17957
4.18332
4.19076
4.19335
4.19573
4.20102
4.21066
4.21166
4.21831
4.22217
4.22374
4.23052
4.2309
4.23362
4.23713
4.24481
4.24869
4.25449
4.26346
4.26611
4.26932
4.27202
4.27517
4.27898
4.28454
4.2864
4.29015
4.29571
4.30149
4.30481
4.3118
4.31424
4.32179
4.32432
4.32881
4.32956
4.33658
4.33813
4.34398
4.3472
4.34933
4.35675
4.35795
4.36393
4.36675
4.3701
4.37357
4.38855
4.38931
4.39243
4.396
4.40312
4.40483
4.40818
4.4127
4.41531
4.42451
4.42917
4.43277
4.43455
4.43821
4.44741
4.44952
4.45149
4.45269
4.45649
4.45855
4.46133
4.46785
4.47772
4.48325
4.48706
4.49274
4.49373
4.49829
4.49948
4.51121
4.51484
4.51603
4.51759
4.52485
4.52629
4.5311
4.53798
4.54122
4.54569
4.54963
4.55643
4.55871
4.56234
4.56688
4.57184
4.57266
4.57706
4.58029
4.58518
4.58799
4.59808
4.60374
4.60604
4.60655
4.61168
4.61732
4.62828
4.62867
4.63143
4.64245
4.64789
4.6495
4.65419
4.65476
4.66506
4.67003
4.67081
4.67353
4.67892
4.68132
4.68231
4.70009
4.70255
4.70856
4.71138
4.71698
4.72255
4.72404
4.72578
4.72738
4.72831
4.73891
4.74519
4.74671
4.75289
4.75838
4.76166
4.76366
4.76838
4.76962
4.77556
4.78147
4.78244
4.7887
4.79798
4.80134
4.80446
4.80616
4.81116
4.8134
4.81586
4.82062
4.82283
4.82549
4.82765
4.83551
4.83732
4.84664
4.85217
4.8565
4.85912
4.86152
4.86963
4.87119
4.87337
4.88133
4.88312
4.88695
4.89028
4.89727
4.90372
4.90588
4.91136
4.91495
4.91798
4.91975
4.92704
4.93339
4.93492
4.94422
4.94841
4.95241
4.96299
4.96399
4.96562
4.9686
4.97625
4.98351
4.98494
4.99204
4.99572
5.00282
5.00463
5.00999
5.01993
5.02459
5.02957
5.0377
5.03981
5.04696
5.05591
5.05945
5.06258
5.06586
5.06758
5.0779
5.0834
5.08886
5.09269
5.09912
5.10554
5.10862
5.11071
5.12179
5.12489
5.13645
5.1379
5.14427
5.15378
5.15413
5.16289
5.1652
5.17146
5.17254
5.1828
5.18529
5.18718
5.19993
5.20141
5.2044
5.20676
5.21415
5.21787
5.22158
5.223
5.22649
5.23109
5.23685
5.23972
5.24296
5.24726
5.25185
5.25221
5.255
5.2592
5.26511
5.27038
5.28049
5.28064
5.28298
5.28784
5.29197
5.29762
5.3052
5.31322
5.31618
5.31993
5.32501
5.32793
5.32991
5.33511
5.34151
5.3447
5.34832
5.3514
5.36651
5.36812
5.37169
5.38219
5.38556
5.38579
5.39296
5.39734
5.40263
5.40564
5.40842
5.41174
5.41585
5.42091
5.42839
5.4382
5.44581
5.44687
5.44902
5.45034
5.45404
5.45607
5.46766
5.47783
5.47919
5.48151
5.48246
5.48811
5.48896
5.49398
5.49453
5.49829
5.502
5.51351
5.51728
5.523
5.5278
5.52862
5.53196
5.54552
5.54946
5.55138
5.55582
5.5686
5.57197
5.57381
5.57997
5.58664
5.58927
5.59312
5.59782
5.59898
5.60418
5.61166
5.61737
5.62024
5.62886
5.63426
5.63702
5.64146
5.65136
5.65207
5.65303
5.6603
5.66844
5.67096
5.6735
5.67834
5.68338
5.688
5.69696
5.70094
5.70279
5.71582
5.716
5.72834
5.73541
5.73789
5.73856
5.7465
5.75122
5.76161
5.77269
5.77917
5.78029
5.78435
5.78674
5.79851
5.8002
5.80139
5.81261
5.81542
5.82038
5.82579
5.83057
5.83384
5.83576
5.84346
5.85446
5.85767
5.86283
5.86565
5.88045
5.88124
5.88569
5.8877
5.89032
5.89332
5.89737
5.89844
5.91019
5.91383
5.91539
5.91905
5.92984
5.93108
5.93465
5.94059
5.94281
5.95073
5.95708
5.96664
5.96792
5.96905
5.97808
5.98139
5.98987
5.99241
5.99684
5.99896
6.00795
6.00991
6.01995
6.02527
6.03666
6.03837
6.03956
6.04918
6.05597
6.06406
6.06925
6.07198
6.07619
6.08007
6.08884
6.09029
6.09629
6.10375
6.10795
6.11543
6.11763
6.12806
6.13115
6.13375
6.14558
6.15023
6.15812
6.16285
6.17269
6.17495
6.17608
6.18295
6.18733
6.18865
6.20272
6.2096
6.21674
6.22308
6.23173
6.23975
6.24469
6.25332
6.25568
6.25889
6.27227
6.2765
6.28682
6.29333
6.29724
6.29859
6.31772
6.31854
6.32319
6.32692
6.33475
6.34194
6.34479
6.34866
6.35411
6.35515
6.36104
6.36557
6.37035
6.38192
6.38383
6.39013
6.39553
6.40213
6.40652
6.40781
6.4109
6.4161
6.42203
6.42579
6.43551
6.43716
6.43877
6.44547
6.4466
6.45007
6.45989
6.46808
6.47148
6.4718
6.48604
6.49448
6.50424
6.50679
6.51366
6.51439
6.51671
6.53072
6.5378
6.54091
6.54645
6.55711
6.55874
6.57065
6.57174
6.58109
6.58464
6.58636
6.59279
6.60199
6.60879
6.61175
6.61471
6.61899
6.62699
6.63078
6.63439
6.63733
6.64081
6.6554
6.67671
6.68116
6.68149
6.68841
6.69226
6.69754
6.71068
6.71092
6.71237
6.71963
6.72379
6.72404
6.73317
6.74446
6.7472
6.75361
6.76157
6.77039
6.77387
6.77579
6.78509
6.78718
6.80034
6.80158
6.81749
6.82169
6.82578
6.83418
6.84334
6.84841
6.85042
6.85945
6.86725
6.87039
6.87337
6.87899
6.88638
6.8929
6.90752
6.91106
6.91693
6.92226
6.93262
6.94087
6.94458
6.95292
6.96928
6.97125
6.98199
6.984
6.98822
6.99817
7.00596
7.01127
7.0149
7.02359
7.02733
7.03116
7.04284
7.04709
7.0511
7.05614
7.06111
7.07867
7.08344
7.08845
7.09086
7.09539
7.10735
7.10949
7.11605
7.12088
7.13025
7.13903
7.14144
7.14724
7.1508
7.15211
7.1604
7.16689
7.17424
7.17899
7.18488
7.20008
7.20529
7.21707
7.22792
7.22947
7.23537
7.24155
7.24316
7.2507
7.25456
7.26611
7.26956
7.28375
7.28797
7.29532
7.30144
7.30234
7.31311
7.31781
7.32421
7.32552
7.32973
7.33819
7.3509
7.35303
7.35528
7.36572
7.37399
7.39098
7.3925
7.39333
7.4005
7.41305
7.42341
7.42863
7.44117
7.44528
7.45195
7.45581
7.46215
7.47246
7.4829
7.48578
7.49024
7.49684
7.5052
7.51246
7.52243
7.53912
7.5417
7.54682
7.55473
7.55838
7.56762
7.57314
7.5762
7.58812
7.60836
7.61159
7.61457
7.62155
7.62291
7.64367
7.65284
7.66185
7.67321
7.67918
7.68147
7.68516
7.6981
7.70275
7.70303
7.71044
7.7105
7.73584
7.75127
7.75316
7.75879
7.7724
7.77719
7.78009
7.78595
7.7872
7.79394
7.79877
7.80225
7.82205
7.83273
7.83713
7.84851
7.85201
7.85768
7.86217
7.86322
7.87047
7.87301
7.88824
7.89122
7.89444
7.89631
7.90554
7.92305
7.92635
7.93901
7.94151
7.94694
7.95476
7.9644
7.96843
7.97703
7.98368
7.99542
8.00169
8.00653
8.0341
8.03849
8.04156
8.04387
8.05542
8.05823
8.07278
8.07763
8.09957
8.10234
8.1121
8.11577
8.12398
8.13673
8.13955
8.15393
8.1605
8.16742
8.16945
8.17215
8.19687
8.20175
8.20469
8.21264
8.2263
8.2366
8.24113
8.25054
8.2537
8.25558
8.27267
8.28569
8.29437
8.29911
8.31408
8.31808
8.33089
8.33643
8.33812
8.36309
8.36563
8.37206
8.37761
8.39172
8.39325
8.42523
8.43867
8.44121
8.44836
8.44998
8.46941
8.48083
8.48939
8.49557
8.49937
8.52196
8.53411
8.54239
8.55547
8.56518
8.57419
8.58506
8.59926
8.61126
8.63512
8.64692
8.65378
8.65769
8.65929
8.66343
8.66827
8.68618
8.68999
8.69937
8.70201
8.70814
8.71387
8.71792
8.73935
8.74348
8.74885
8.77472
8.78801
8.79028
8.80897
8.81184
8.82344
8.8267
8.8382
8.84593
8.84884
8.88395
8.88838
8.89947
8.90347
8.91401
8.91717
8.91989
8.94502
8.95176
8.96343
8.97084
8.9718
8.99268
9.00931
9.01654
9.02162
9.03969
9.05176
9.05791
9.06242
9.08319
9.08543
9.09318
9.10811
9.10996
9.12007
9.137
9.14776
9.16263
9.16552
9.1867
9.18738
9.19104
9.23456
9.23523
9.23823
9.25491
9.26386
9.26868
9.26908
9.30894
9.32294
9.35228
9.36142
9.36644
9.37259
9.37991
9.39122
9.41283
9.41606
9.41758
9.43157
9.44124
9.4564
9.46265
9.47844
9.48512
9.49521
9.52061
9.5262
9.53566
9.53742
9.56751
9.59137
9.61034
9.62102
9.62838
9.64307
9.65928
9.66546
9.67288
9.68957
9.69653
9.73358
9.73802
9.74343
9.77644
9.78204
9.7937
9.80745
9.82704
9.84084
9.84541
9.86565
9.86814
9.88527
9.90041
9.903
9.9176
9.95918
9.96918
9.97847
9.9879
10.0029
10.0265
10.0629
10.0767
10.088
10.094
10.0982
10.1263
10.1553
10.1564
10.1591
10.1857
10.1937
10.1991
10.2149
10.2418
10.2541
10.2903
10.3131
10.3187
10.3266
10.3409
10.3529
10.3693
10.3701
10.4008
10.4232
10.4507
10.4561
10.4624
10.4692
10.4901
10.5501
10.5773
10.5902
10.5946
10.6105
10.6157
10.6284
10.64
10.6446
10.6608
10.6846
10.6933
10.7025
10.7654
10.779
10.7889
10.8401
10.8426
10.8564
10.8829
10.8992
10.9143
10.9249
10.9431
10.959
10.9834
10.9855
10.9974
11.0303
11.0715
11.1183
11.1293
11.1543
11.1769
11.1926
11.2228
11.2488
11.2672
11.3024
11.3483
11.4045
11.411
11.4329
11.4512
11.4861
11.4984
11.5418
11.5441
11.5675
11.6074
11.6284
11.6679
11.7025
11.7192
11.7694
11.7823
11.8177
11.8244
11.8255
11.8955
11.9223
11.9699
11.9997
12.0455
12.0658
12.1112
12.1189
12.156
12.206
12.251
12.2714
12.3052
12.3605
12.4077
12.5105
12.5552
12.5587
12.5777
12.7146
12.7553
12.7716
12.8427
12.9116
12.9199
12.9482
13.0462
13.0955
13.1032
13.2168
13.2822
13.3972
13.4317
13.6137
13.639
13.6895
13.759
13.8871
13.9081
14.109
14.1302
14.2848
14.4698
14.643
14.8458
15.0264
15.4109
15.7581
16.2926
