-22.9853
-18.8278
-18.8276
-17.669
-17.6527
-17.5513
-17.4173
-17.2587
-17.091
-16.9293
-16.7907
-16.6945
-15.6055
-15.6054
-15.0414
-15.0412
-14.6701
-14.5704
-14.5518
-14.5038
-14.4435
-14.3857
-14.3429
-13.6345
-13.6344
-13.5066
-13.5065
-13.4661
-13.466
-13.3394
-13.3393
-13.1565
-13.1563
-12.9507
-12.9505
-12.7584
-12.7579
-12.7389
-12.7367
-12.697
-12.6681
-12.6429
-12.5908
-12.5907
-12.5113
-12.5111
-12.3217
-12.1535
-12.1133
-11.9652
-11.9258
-11.8
-11.7957
-11.7737
-11.7673
-11.7458
-11.6255
-11.6187
-11.5686
-11.4918
-11.4916
-11.4784
-11.4479
-11.4478
-11.4063
-11.4006
-11.3801
-11.2918
-11.2045
-11.0835
-11.036
-11.0296
-10.9847
-10.8837
-10.8837
-10.8465
-10.656
-10.65
-10.6383
-10.5805
-10.5649
-10.4894
-10.4073
-10.4061
-10.3823
-10.3629
-10.361
-10.3024
-10.2971
-10.2787
-10.2786
-10.2734
-10.2206
-10.2093
-10.1893
-10.1859
-10.1436
-10.0935
-10.0903
-10.0655
-10.0043
-9.98259
-9.97983
-9.94436
-9.79623
-9.79612
-9.72474
-9.72466
-9.6552
-9.65511
-9.56257
-9.56244
-9.54859
-9.54847
-9.4816
-9.47198
-9.43217
-9.43207
-9.36168
-9.36155
-9.33151
-9.33072
-9.31764
-9.27833
-9.27736
-9.20793
-9.17083
-9.17052
-9.15128
-9.09031
-9.08889
-9.08351
-9.05387
-9.05144
-8.99549
-8.96147
-8.94109
-8.9205
-8.82717
-8.82532
-8.82102
-8.82071
-8.76974
-8.75843
-8.75495
-8.69291
-8.63667
-8.61216
-8.59735
-8.58833
-8.57872
-8.5604
-8.55516
-8.53838
-8.53638
-8.50504
-8.50439
-8.45902
-8.44551
-8.39815
-8.39497
-8.38697
-8.38579
-8.36534
-8.34681
-8.34456
-8.33769
-8.29697
-8.29197
-8.24378
-8.22555
-8.18087
-8.1525
-8.11031
-8.10404
-8.08726
-8.02525
-8.02467
-7.91246
-7.9092
-7.88979
-7.87306
-7.86251
-7.8454
-7.81838
-7.81302
-7.76676
-7.73592
-7.73576
-7.69201
-7.69186
-7.66513
-7.66458
-7.66147
-7.66143
-7.64153
-7.64107
-7.63252
-7.63182
-7.59713
-7.59638
-7.52414
-7.51222
-7.47515
-7.47031
-7.41723
-7.41407
-7.36297
-7.36088
-7.35286
-7.35172
-7.35012
-7.3342
-7.33403
-7.32634
-7.30059
-7.2997
-7.25977
-7.25885
-7.19557
-7.19502
-7.18191
-7.18106
-7.16439
-7.15937
-7.12991
-7.1287
-7.12013
-7.11541
-7.10443
-7.09772
-7.08131
-7.06488
-7.04955
-7.01946
-7.01625
-6.985
-6.98296
-6.90276
-6.90257
-6.88567
-6.88124
-6.85597
-6.85509
-6.82122
-6.82044
-6.81765
-6.80918
-6.77862
-6.7677
-6.69915
-6.66
-6.64999
-6.62832
-6.62785
-6.58063
-6.57648
-6.57556
-6.57541
-6.55283
-6.53016
-6.49485
-6.49372
-6.49136
-6.46868
-6.46527
-6.45178
-6.43762
-6.41463
-6.40915
-6.39834
-6.39097
-6.38728
-6.37377
-6.35064
-6.31601
-6.31401
-6.27094
-6.2645
-6.2563
-6.25491
-6.24884
-6.23807
-6.22839
-6.22062
-6.20966
-6.19351
-6.16047
-6.15877
-6.15357
-6.12895
-6.12088
-6.11318
-6.0943
-6.08889
-6.08356
-6.07553
-6.04679
-6.03872
-6.02695
-6.02681
-6.00633
-5.99576
-5.97143
-5.97089
-5.96728
-5.96513
-5.94495
-5.90408
-5.89977
-5.88849
-5.88735
-5.84403
-5.84093
-5.83261
-5.82789
-5.82268
-5.76787
-5.75735
-5.75207
-5.74809
-5.72294
-5.72034
-5.70401
-5.69883
-5.69432
-5.69261
-5.68356
-5.68301
-5.67034
-5.66886
-5.60729
-5.58051
-5.57852
-5.55675
-5.54872
-5.54017
-5.52223
-5.51815
-5.47846
-5.4783
-5.45962
-5.43834
-5.43551
-5.39921
-5.39897
-5.39347
-5.39269
-5.38275
-5.37989
-5.36029
-5.35643
-5.34411
-5.33558
-5.33268
-5.32665
-5.30637
-5.28677
-5.2816
-5.26935
-5.24896
-5.22893
-5.22861
-5.21837
-5.21103
-5.20256
-5.19565
-5.17885
-5.16364
-5.14975
-5.14567
-5.12015
-5.1199
-5.08721
-5.08591
-5.06871
-5.06754
-5.04819
-5.04512
-5.03263
-5.02879
-4.99915
-4.9841
-4.97227
-4.95634
-4.95211
-4.93997
-4.93414
-4.93206
-4.92926
-4.90913
-4.90835
-4.89428
-4.89411
-4.86898
-4.85581
-4.84315
-4.83679
-4.82993
-4.81172
-4.80682
-4.79315
-4.78317
-4.78297
-4.77134
-4.7648
-4.74333
-4.7287
-4.71436
-4.70468
-4.68729
-4.68713
-4.67262
-4.67241
-4.65834
-4.64528
-4.64326
-4.61612
-4.60784
-4.60667
-4.59528
-4.5911
-4.56817
-4.56621
-4.52546
-4.49105
-4.4887
-4.48853
-4.4852
-4.47285
-4.46365
-4.45956
-4.44119
-4.42022
-4.41241
-4.40725
-4.39925
-4.39896
-4.39238
-4.38438
-4.37893
-4.32645
-4.32332
-4.31492
-4.30274
-4.2787
-4.26685
-4.25876
-4.25651
-4.25633
-4.24537
-4.24086
-4.23732
-4.2343
-4.22529
-4.22472
-4.21651
-4.21618
-4.21576
-4.18204
-4.16992
-4.16727
-4.16357
-4.15537
-4.14129
-4.13843
-4.11752
-4.11562
-4.11494
-4.10961
-4.10863
-4.10401
-4.08755
-4.07265
-4.04782
-4.04553
-4.0266
-4.01529
-3.98841
-3.9613
-3.95592
-3.95517
-3.93486
-3.9326
-3.92672
-3.92303
-3.92215
-3.90882
-3.88664
-3.8645
-3.84801
-3.8437
-3.84144
-3.80081
-3.7902
-3.7891
-3.77087
-3.77008
-3.7618
-3.74633
-3.74569
-3.73831
-3.73441
-3.7291
-3.72377
-3.7235
-3.71652
-3.70148
-3.69011
-3.68419
-3.66784
-3.65599
-3.6555
-3.63094
-3.62335
-3.6099
-3.58043
-3.57799
-3.56979
-3.55997
-3.55466
-3.54649
-3.53908
-3.5351
-3.52886
-3.51801
-3.50634
-3.50621
-3.49284
-3.4918
-3.48282
-3.48208
-3.45454
-3.44989
-3.43304
-3.42875
-3.42585
-3.4148
-3.40293
-3.39434
-3.37404
-3.36334
-3.35828
-3.3427
-3.34051
-3.33237
-3.31484
-3.30329
-3.29547
-3.28576
-3.28242
-3.27999
-3.25904
-3.25619
-3.25293
-3.23913
-3.23605
-3.22235
-3.21742
-3.21519
-3.2104
-3.20195
-3.19504
-3.16694
-3.16627
-3.166
-3.14768
-3.14325
-3.12961
-3.12029
-3.11661
-3.10076
-3.09435
-3.08802
-3.08081
-3.07216
-3.06821
-3.05839
-3.05233
-3.04608
-3.03685
-3.03355
-3.03327
-3.02757
-3.0221
-3.01153
-2.99866
-2.98929
-2.98811
-2.97109
-2.96766
-2.95844
-2.95428
-2.9439
-2.93232
-2.9302
-2.9132
-2.89284
-2.89197
-2.88583
-2.87851
-2.86417
-2.85569
-2.8546
-2.85336
-2.84324
-2.84283
-2.83378
-2.83055
-2.81504
-2.80603
-2.80291
-2.79793
-2.79373
-2.76661
-2.76268
-2.73894
-2.72212
-2.71231
-2.7095
-2.70172
-2.69064
-2.68629
-2.67512
-2.66589
-2.66503
-2.66165
-2.65935
-2.65305
-2.64621
-2.64389
-2.63502
-2.63328
-2.62853
-2.62448
-2.60443
-2.5893
-2.55974
-2.54045
-2.52467
-2.51904
-2.51586
-2.51032
-2.50879
-2.48754
-2.4849
-2.47677
-2.45839
-2.45583
-2.4491
-2.42602
-2.42348
-2.42239
-2.41292
-2.40612
-2.40333
-2.39494
-2.3796
-2.36375
-2.35688
-2.34775
-2.3347
-2.33439
-2.32808
-2.31893
-2.3165
-2.31331
-2.29619
-2.29179
-2.28976
-2.28824
-2.26886
-2.26306
-2.25143
-2.23615
-2.2281
-2.2227
-2.21838
-2.21441
-2.2084
-2.1943
-2.19295
-2.18552
-2.1853
-2.17969
-2.17711
-2.1749
-2.17231
-2.17009
-2.16673
-2.16615
-2.16188
-2.15431
-2.15374
-2.14703
-2.1362
-2.12057
-2.11008
-2.10581
-2.09218
-2.0921
-2.08322
-2.06357
-2.05555
-2.03885
-2.0336
-2.01361
-2.00659
-1.99097
-1.99053
-1.9878
-1.9742
-1.97283
-1.96628
-1.96024
-1.94066
-1.92276
-1.91827
-1.90693
-1.89088
-1.8881
-1.87648
-1.86373
-1.85554
-1.84706
-1.83712
-1.8248
-1.81995
-1.81403
-1.81279
-1.80627
-1.79969
-1.79811
-1.79056
-1.7851
-1.76159
-1.7575
-1.75275
-1.73187
-1.72422
-1.72055
-1.71682
-1.71026
-1.70798
-1.70182
-1.69691
-1.69046
-1.68824
-1.67195
-1.66231
-1.65131
-1.64862
-1.64183
-1.62988
-1.62715
-1.62529
-1.62457
-1.60978
-1.60509
-1.60171
-1.59708
-1.59274
-1.58195
-1.58112
-1.57108
-1.56503
-1.55551
-1.54916
-1.54626
-1.53205
-1.52127
-1.52007
-1.50533
-1.5002
-1.48243
-1.46601
-1.46316
-1.454
-1.43183
-1.42103
-1.41781
-1.407
-1.39761
-1.37097
-1.36821
-1.36269
-1.35946
-1.35194
-1.35055
-1.34244
-1.33124
-1.32981
-1.32629
-1.32492
-1.31601
-1.31365
-1.30452
-1.30195
-1.29254
-1.29071
-1.2872
-1.28151
-1.27136
-1.24701
-1.24041
-1.23654
-1.23378
-1.22803
-1.22526
-1.21977
-1.20484
-1.20373
-1.18367
-1.17922
-1.17363
-1.16141
-1.15447
-1.14935
-1.14592
-1.14252
-1.13976
-1.13402
-1.11638
-1.10788
-1.10379
-1.09415
-1.06401
-1.06263
-1.05903
-1.05835
-1.04484
-1.03742
-1.03412
-1.02973
-1.0265
-1.02108
-1.01572
-1.01409
-1.00326
-1.00207
-0.993843
-0.986399
-0.982331
-0.975203
-0.970021
-0.967731
-0.958011
-0.937038
-0.927951
-0.924404
-0.919141
-0.910366
-0.891448
-0.889533
-0.880492
-0.873895
-0.865291
-0.85894
-0.844336
-0.836686
-0.83494
-0.819626
-0.810267
-0.809842
-0.798093
-0.796933
-0.794308
-0.779011
-0.766838
-0.754417
-0.7458
-0.741292
-0.73108
-0.730903
-0.720927
-0.714359
-0.694121
-0.690629
-0.684688
-0.677028
-0.673731
-0.666429
-0.66379
-0.661397
-0.637789
-0.626659
-0.621638
-0.618499
-0.608446
-0.602185
-0.59328
-0.585103
-0.571483
-0.567064
-0.562808
-0.554115
-0.550553
-0.546583
-0.534622
-0.530805
-0.530038
-0.528937
-0.524626
-0.523863
-0.520417
-0.517504
-0.505193
-0.499342
-0.497382
-0.497097
-0.48593
-0.480478
-0.476149
-0.467985
-0.462021
-0.458012
-0.45269
-0.448762
-0.446974
-0.439847
-0.424935
-0.409762
-0.39769
-0.390865
-0.374372
-0.368994
-0.366117
-0.356013
-0.345894
-0.333701
-0.328855
-0.324668
-0.32358
-0.319289
-0.314583
-0.306423
-0.2942
-0.291865
-0.273218
-0.269993
-0.264371
-0.261792
-0.256506
-0.245615
-0.230448
-0.216037
-0.214259
-0.206762
-0.204051
-0.196713
-0.182624
-0.163377
-0.162828
-0.156583
-0.154733
-0.130926
-0.119575
-0.114836
-0.112466
-0.106144
-0.0989796
-0.092474
-0.0885658
-0.0855727
-0.0715993
-0.0692575
-0.0648668
-0.0507065
-0.0489897
-0.0461335
-0.0290121
-0.026729
-0.0193024
-0.0167127
-0.0106597
-0.00912451
-0.00729248
-0.00167286
0.000677182
0.0123192
0.0186814
0.0210586
0.0243689
0.0282603
0.0485974
0.0489523
0.0552153
0.0656109
0.0726395
0.0730948
0.0867119
0.0897448
0.0900706
0.0920846
0.108164
0.110757
0.123587
0.131203
0.136577
0.16651
0.168353
0.172992
0.178541
0.182861
0.198621
0.202335
0.209042
0.214899
0.217912
0.219295
0.238068
0.241568
0.248454
0.251984
0.25488
0.258558
0.263538
0.278455
0.28476
0.285678
0.300163
0.302092
0.315808
0.319842
0.326795
0.329477
0.349218
0.354236
0.361092
0.367156
0.375085
0.387142
0.388377
0.400743
0.405892
0.414056
0.423003
0.424873
0.437117
0.459901
0.463935
0.469984
0.470953
0.476709
0.481623
0.487601
0.504382
0.507981
0.509025
0.522637
0.529152
0.539413
0.543463
0.544892
0.554544
0.561663
0.56363
0.571619
0.573072
0.57571
0.584018
0.589741
0.602478
0.610015
0.615623
0.618973
0.622914
0.627236
0.631802
0.637826
0.64139
0.656369
0.662084
0.67103
0.687392
0.687716
0.698131
0.704424
0.708429
0.713089
0.718803
0.721176
0.744706
0.751831
0.755189
0.768588
0.774203
0.776366
0.780122
0.79046
0.795263
0.802332
0.805129
0.811833
0.82039
0.840033
0.840745
0.847813
0.848225
0.860154
0.870953
0.871509
0.877754
0.880708
0.889959
0.896845
0.89741
0.903699
0.909533
0.917584
0.932425
0.938446
0.942448
0.945894
0.952732
0.952898
0.955308
0.967276
0.968807
0.978922
0.987948
0.98804
1.00025
1.00735
1.01614
1.02326
1.04372
1.04726
1.05591
1.06497
1.06724
1.07607
1.08607
1.08834
1.09381
1.1071
1.11038
1.11695
1.12427
1.13512
1.143
1.14523
1.1458
1.15265
1.15685
1.16465
1.18176
1.19164
1.19986
1.2061
1.219
1.22325
1.23203
1.23521
1.23889
1.25113
1.25564
1.27153
1.27235
1.27774
1.27838
1.28616
1.30003
1.30292
1.31056
1.32494
1.33181
1.33415
1.34272
1.3443
1.34653
1.35443
1.3591
1.36034
1.36619
1.36992
1.37063
1.37513
1.38926
1.39845
1.39937
1.40831
1.4218
1.42724
1.43254
1.43647
1.43966
1.45137
1.45463
1.46601
1.47679
1.487
1.48913
1.49519
1.50866
1.51406
1.51708
1.52349
1.52898
1.54602
1.54736
1.54881
1.56039
1.5625
1.57321
1.58763
1.59567
1.59853
1.60455
1.61266
1.62029
1.62419
1.63394
1.63474
1.64188
1.64367
1.64691
1.65575
1.65975
1.65995
1.66733
1.6723
1.68537
1.70884
1.71763
1.72459
1.72479
1.72686
1.73921
1.74575
1.75443
1.75883
1.76517
1.7865
1.79845
1.80202
1.81328
1.82879
1.82931
1.83186
1.83543
1.84604
1.85416
1.87092
1.87943
1.8822
1.88244
1.88645
1.89304
1.89463
1.89907
1.90138
1.92206
1.92427
1.92973
1.93902
1.94088
1.94415
1.95068
1.95375
1.95635
1.96297
1.96714
1.96997
1.97777
1.98701
1.98945
1.99138
1.99531
2.00332
2.01021
2.0148
2.02272
2.02794
2.04867
2.05166
2.05971
2.06557
2.06992
2.07043
2.0835
2.09413
2.13054
2.13534
2.13845
2.13962
2.14645
2.15098
2.1548
2.15734
2.17407
2.17939
2.18045
2.19047
2.1937
2.21394
2.21887
2.23137
2.23342
2.24479
2.24724
2.25587
2.26371
2.26771
2.27688
2.28706
2.29853
2.30912
2.31077
2.31237
2.32442
2.32449
2.33972
2.34222
2.34868
2.35602
2.37382
2.38148
2.3873
2.39063
2.39767
2.40754
2.41298
2.41463
2.42177
2.42415
2.42896
2.43908
2.44393
2.45355
2.46755
2.46788
2.48671
2.48886
2.5003
2.50102
2.51313
2.51476
2.52216
2.52632
2.54884
2.55767
2.56175
2.56505
2.56877
2.57873
2.58432
2.59849
2.60782
2.61773
2.62356
2.6241
2.63388
2.63422
2.63626
2.66165
2.66235
2.66476
2.66859
2.68425
2.68602
2.68996
2.70039
2.70643
2.70946
2.72434
2.72944
2.73264
2.74664
2.76009
2.77663
2.78012
2.78177
2.78525
2.79281
2.8053
2.81191
2.81404
2.82169
2.83844
2.84912
2.8582
2.86188
2.8663
2.87627
2.87923
2.88336
2.89549
2.90136
2.90494
2.91384
2.91585
2.91777
2.92937
2.93757
2.95365
2.95632
2.962
2.97281
2.97858
2.9817
2.98266
3.00306
3.00754
3.01996
3.02002
3.02397
3.03617
3.04189
3.04444
3.06002
3.06203
3.07684
3.07869
3.08154
3.0888
3.0991
3.11037
3.11738
3.11955
3.12631
3.13137
3.14627
3.14687
3.15931
3.16026
3.16612
3.16614
3.17526
3.18146
3.18872
3.19398
3.21475
3.21525
3.22483
3.22831
3.23538
3.25012
3.26731
3.27238
3.27916
3.29109
3.30296
3.31666
3.32631
3.32982
3.3317
3.33493
3.3453
3.34942
3.35543
3.36331
3.37263
3.38919
3.39031
3.40502
3.4088
3.41154
3.41291
3.41663
3.44153
3.45059
3.45408
3.45481
3.4553
3.46172
3.46426
3.48121
3.49763
3.51537
3.51967
3.52168
3.53118
3.53711
3.54611
3.55452
3.56552
3.57998
3.58431
3.58881
3.59811
3.59888
3.60618
3.61869
3.6235
3.6281
3.63253
3.6392
3.64165
3.64466
3.65126
3.66003
3.67025
3.68238
3.68382
3.69696
3.69819
3.70796
3.70827
3.71829
3.72383
3.72957
3.73081
3.73618
3.7397
3.7544
3.75638
3.77546
3.77943
3.78356
3.79194
3.80077
3.82643
3.83422
3.8482
3.85497
3.8577
3.86874
3.87675
3.88243
3.89186
3.89659
3.90739
3.91228
3.91969
3.92607
3.93
3.94688
3.94873
3.95425
3.95444
3.96292
3.96937
3.97745
3.98834
4.00327
4.02448
4.03042
4.03718
4.05006
4.05164
4.05273
4.0617
4.07472
4.07923
4.08653
4.09042
4.10343
4.11694
4.12441
4.12585
4.13879
4.14852
4.14941
4.15631
4.15996
4.17702
4.18053
4.19458
4.20925
4.211
4.21331
4.23515
4.23953
4.24619
4.25131
4.26058
4.27579
4.27766
4.28108
4.30088
4.30838
4.31169
4.32767
4.33037
4.33363
4.36199
4.36522
4.37072
4.37993
4.38202
4.39612
4.3962
4.40502
4.41184
4.42484
4.44345
4.45633
4.45658
4.46044
4.46891
4.47731
4.47957
4.49134
4.50253
4.50611
4.51735
4.51951
4.52059
4.52609
4.5431
4.55948
4.56624
4.57967
4.58194
4.58742
4.59582
4.60938
4.61168
4.61594
4.61916
4.63043
4.63356
4.65505
4.65772
4.66472
4.67065
4.67286
4.69205
4.7004
4.71543
4.72568
4.73214
4.74418
4.7506
4.76134
4.76752
4.77821
4.78145
4.80328
4.80715
4.81356
4.81863
4.83012
4.83992
4.84463
4.85865
4.87974
4.89294
4.89358
4.9152
4.92664
4.94208
4.94578
4.95467
4.9649
4.96822
4.97619
4.98979
4.99803
4.99941
5.02413
5.02664
5.02909
5.03683
5.04688
5.05557
5.06276
5.06589
5.08706
5.10258
5.10619
5.10821
5.11918
5.12343
5.1276
5.13531
5.1403
5.15446
5.15505
5.1748
5.17885
5.1887
5.19483
5.20547
5.21462
5.22483
5.25055
5.25278
5.25693
5.26451
5.27836
5.27998
5.28464
5.29862
5.30818
5.32363
5.33039
5.33494
5.35862
5.36226
5.36516
5.38388
5.39502
5.41421
5.41628
5.43118
5.43742
5.44687
5.44723
5.45932
5.47196
5.47925
5.48442
5.51483
5.52236
5.53092
5.54035
5.56088
5.56248
5.57084
5.57621
5.5812
5.58391
5.58988
5.59061
5.60018
5.60844
5.60878
5.61748
5.62763
5.64559
5.66575
5.66931
5.67797
5.70257
5.70706
5.72621
5.73995
5.74114
5.74472
5.75684
5.76621
5.76719
5.77966
5.78726
5.7967
5.80093
5.81542
5.83373
5.86552
5.86583
5.87514
5.87637
5.90442
5.90767
5.908
5.92133
5.92884
5.93659
5.9694
5.98302
5.99317
6.00207
6.0156
6.02469
6.0417
6.06483
6.06593
6.06657
6.08397
6.08845
6.10473
6.11164
6.11573
6.13709
6.14826
6.15778
6.17301
6.17428
6.18507
6.20452
6.22298
6.23859
6.26337
6.26862
6.28044
6.28103
6.28992
6.29983
6.30072
6.3129
6.33312
6.34174
6.34337
6.36038
6.36326
6.38659
6.41103
6.41797
6.43107
6.43128
6.44698
6.45904
6.45988
6.47863
6.4926
6.50434
6.50548
6.52156
6.53418
6.53769
6.54898
6.55381
6.55869
6.56553
6.57472
6.58408
6.58652
6.60375
6.61243
6.61263
6.617
6.6375
6.64803
6.66378
6.68013
6.69031
6.72902
6.73206
6.73814
6.7559
6.77534
6.78251
6.80116
6.83395
6.83643
6.84327
6.871
6.89281
6.89377
6.91398
6.91654
6.92417
6.93822
6.96491
6.96518
6.97376
6.98561
7.01591
7.02569
7.03723
7.0474
7.08651
7.09646
7.10939
7.12391
7.12434
7.12764
7.14441
7.16428
7.16867
7.16988
7.18988
7.19833
7.21255
7.2341
7.23658
7.27099
7.28326
7.31078
7.31194
7.32688
7.3412
7.37303
7.37651
7.39727
7.41102
7.41355
7.43112
7.43886
7.45349
7.48393
7.49495
7.49933
7.50659
7.52568
7.52581
7.53797
7.55069
7.56082
7.56934
7.57741
7.59195
7.6145
7.64057
7.66355
7.67108
7.6959
7.70849
7.74431
7.76572
7.80378
7.8051
7.81706
7.83556
7.84519
7.84669
7.85102
7.86968
7.91257
7.92608
7.94661
7.96361
7.97716
7.98293
8.01265
8.02466
8.03517
8.04263
8.05485
8.09522
8.09999
8.11915
8.14859
8.16326
8.1663
8.16943
8.18083
8.2132
8.23261
8.25603
8.3142
8.32271
8.33061
8.38075
8.38566
8.39258
8.41867
8.44721
8.47554
8.48253
8.48956
8.49872
8.52019
8.52101
8.57232
8.57949
8.59753
8.65645
8.67856
8.68138
8.71368
8.72898
8.73793
8.75667
8.78608
8.78866
8.82037
8.8238
8.85479
8.89013
8.89248
8.89483
8.94075
8.95365
9.01299
9.06114
9.0762
9.08058
9.09063
9.09776
9.12493
9.15971
9.19107
9.22826
9.26084
9.27222
9.30497
9.31451
9.33868
9.33872
9.3633
9.41411
9.42959
9.45601
9.45607
9.48956
9.50874
9.51069
9.57532
9.57801
9.62721
9.63696
9.68103
9.68965
9.72641
9.7805
9.79363
9.87731
9.89949
9.95535
9.99286
10.002
10.0887
10.0919
10.1099
10.1111
10.1329
10.1607
10.267
10.3062
10.3236
10.3537
10.3577
10.42
10.4444
10.4972
10.5121
10.5801
10.6394
10.6605
10.696
10.732
10.7501
10.7862
10.9237
10.9587
11.0031
11.0917
11.0956
11.2601
11.323
11.3312
11.3661
11.4746
11.5009
11.5884
11.6788
11.7365
11.7933
11.8742
11.9385
12.0705
12.2533
12.2814
12.2856
12.5132
12.6395
12.659
12.7414
13.0202
13.1409
13.4259
13.5552
13.9745
14.357
14.9584
