-14.926
-14.6748
-14.1764
-13.9253
-13.6899
-13.4387
-13.2229
-12.9717
-12.9404
-12.7827
-12.6892
-12.5315
-12.4733
-12.3763
-12.2222
-12.1251
-12.0331
-12.0101
-11.9868
-11.782
-11.7589
-11.7356
-11.6899
-11.6268
-11.5466
-11.4388
-11.4207
-11.3756
-11.2954
-11.2606
-11.2373
-11.2069
-11.1696
-11.1402
-11.0795
-11.0516
-11.0094
-10.9861
-10.9576
-10.9556
-10.9404
-10.889
-10.8284
-10.8005
-10.7971
-10.774
-10.7063
-10.6892
-10.6732
-10.6712
-10.5459
-10.5229
-10.4573
-10.4538
-10.422
-10.4201
-10.3907
-10.33
-10.307
-10.3021
-10.233
-10.208
-10.2061
-10.2027
-10.1847
-10.1395
-10.0789
-10.0558
-10.0509
-10.0245
-9.98679
-9.9818
-9.9708
-9.95682
-9.93351
-9.92363
-9.86679
-9.84348
-9.81557
-9.77334
-9.73562
-9.72146
-9.71964
-9.71762
-9.70431
-9.67247
-9.61563
-9.59232
-9.56441
-9.55746
-9.54659
-9.50375
-9.48345
-9.47028
-9.46647
-9.4604
-9.45315
-9.43709
-9.43515
-9.34852
-9.30629
-9.29544
-9.27744
-9.25442
-9.25257
-9.23726
-9.23228
-9.22127
-9.20924
-9.18593
-9.18399
-9.14021
-9.11726
-9.09736
-9.09396
-9.07091
-9.06605
-9.06356
-9.02627
-9.00323
-8.9969
-8.9861
-8.97193
-8.97014
-8.96807
-8.90833
-8.88905
-8.87105
-8.8661
-8.84279
-8.81975
-8.81489
-8.81422
-8.81238
-8.79707
-8.77403
-8.75422
-8.75072
-8.74574
-8.72076
-8.71694
-8.71087
-8.68757
-8.65748
-8.65686
-8.63072
-8.61989
-8.599
-8.56304
-8.54591
-8.52985
-8.52791
-8.52287
-8.50488
-8.50486
-8.50306
-8.50194
-8.49955
-8.48156
-8.45971
-8.4364
-8.40783
-8.406
-8.39068
-8.37956
-8.34784
-8.32139
-8.31403
-8.31053
-8.291
-8.27869
-8.27675
-8.26768
-8.25371
-8.2537
-8.25078
-8.24738
-8.2304
-8.22433
-8.18468
-8.16367
-8.15881
-8.15665
-8.13952
-8.13577
-8.12152
-8.11245
-8.07023
-8.06469
-8.06286
-8.05936
-8.04167
-8.04137
-8.0398
-8.0245
-8.01833
-8.01651
-8.0012
-7.99621
-7.97317
-7.9708
-7.93351
-7.91251
-7.90788
-7.90741
-7.90414
-7.8846
-7.8812
-7.87036
-7.86129
-7.84348
-7.82749
-7.81557
-7.81352
-7.79048
-7.79021
-7.78033
-7.77335
-7.76717
-7.75728
-7.75534
-7.75242
-7.75003
-7.73203
-7.72145
-7.71963
-7.70164
-7.67226
-7.6583
-7.65647
-7.65298
-7.63498
-7.63003
-7.59232
-7.57814
-7.57636
-7.5743
-7.56441
-7.561
-7.54642
-7.54147
-7.53796
-7.52916
-7.51816
-7.50612
-7.50418
-7.50125
-7.48087
-7.47481
-7.47029
-7.45234
-7.45041
-7.43709
-7.43515
-7.42126
-7.42094
-7.41415
-7.40713
-7.38624
-7.38381
-7.36294
-7.36043
-7.33254
-7.32698
-7.32316
-7.31709
-7.30984
-7.29525
-7.29378
-7.29213
-7.29185
-7.29029
-7.28679
-7.26887
-7.26877
-7.26695
-7.26587
-7.23841
-7.22365
-7.22128
-7.20521
-7.20112
-7.18593
-7.18399
-7.17175
-7.16995
-7.16792
-7.16298
-7.15461
-7.13508
-7.11177
-7.11109
-7.10927
-7.09396
-7.08323
-7.08132
-7.07796
-7.07091
-7.06605
-7.06593
-7.05493
-7.04262
-7.04095
-7.04068
-7.01764
-7.01764
-7.01471
-7.00776
-6.9969
-6.98724
-6.97193
-6.97011
-6.95425
-6.95386
-6.95211
-6.94861
-6.92761
-6.92274
-6.92059
-6.91677
-6.90345
-6.8997
-6.88546
-6.85993
-6.84279
-6.83202
-6.82861
-6.82685
-6.82475
-6.81975
-6.81488
-6.80557
-6.80377
-6.80175
-6.79882
-6.79689
-6.78844
-6.7566
-6.74574
-6.73473
-6.72774
-6.72076
-6.7047
-6.70291
-6.70276
-6.70092
-6.69744
-6.68757
-6.67645
-6.67163
-6.67153
-6.64853
-6.63429
-6.63072
-6.61092
-6.60741
-6.58788
-6.58301
-6.5795
-6.57745
-6.57363
-6.56757
-6.55441
-6.55059
-6.54766
-6.54572
-6.54426
-6.53727
-6.52122
-6.51928
-6.51635
-6.51386
-6.48888
-6.48538
-6.48358
-6.48154
-6.47658
-6.46557
-6.45569
-6.45354
-6.45159
-6.4364
-6.43265
-6.42222
-6.42042
-6.4184
-6.37956
-6.36158
-6.36155
-6.35975
-6.35863
-6.35625
-6.33854
-6.33823
-6.33671
-6.33371
-6.33179
-6.32834
-6.32139
-6.3164
-6.31034
-6.3054
-6.2931
-6.27005
-6.26812
-6.26768
-6.26519
-6.26451
-6.2627
-6.24737
-6.23772
-6.23421
-6.2304
-6.22433
-6.21623
-6.2144
-6.20463
-6.20443
-6.20102
-6.19908
-6.18149
-6.17807
-6.17106
-6.16724
-6.15017
-6.14769
-6.12438
-6.11246
-6.11041
-6.11038
-6.10747
-6.09647
-6.08736
-6.08709
-6.08249
-6.08103
-6.07022
-6.05918
-6.05605
-6.05426
-6.05221
-6.04929
-6.04137
-6.01833
-6.01652
-6.01335
-6.00234
-5.99852
-5.99621
-5.99246
-5.9852
-5.97822
-5.97317
-5.96915
-5.96505
-5.95519
-5.95516
-5.95336
-5.94986
-5.94792
-5.93186
-5.92692
-5.89901
-5.89833
-5.89652
-5.8812
-5.87503
-5.8732
-5.86129
-5.85788
-5.84713
-5.84531
-5.84327
-5.83835
-5.83485
-5.82998
-5.82986
-5.82749
-5.80488
-5.80107
-5.79814
-5.7902
-5.77169
-5.76717
-5.76434
-5.76083
-5.75121
-5.74915
-5.74735
-5.74152
-5.74107
-5.73585
-5.73407
-5.73201
-5.72705
-5.71801
-5.71796
-5.71605
-5.70403
-5.70399
-5.68312
-5.6807
-5.67226
-5.64717
-5.63498
-5.63003
-5.62942
-5.62386
-5.61398
-5.61204
-5.60911
-5.60674
-5.59595
-5.59213
-5.589
-5.58871
-5.58719
-5.58607
-5.58368
-5.57881
-5.57814
-5.57632
-5.56568
-5.56276
-5.56082
-5.55833
-5.53529
-5.52053
-5.51816
-5.51499
-5.51317
-5.50967
-5.49801
-5.49194
-5.49168
-5.49013
-5.48469
-5.48087
-5.47481
-5.46863
-5.46684
-5.46668
-5.46488
-5.4515
-5.43196
-5.42126
-5.42094
-5.40311
-5.39816
-5.39466
-5.38382
-5.38008
-5.37824
-5.37485
-5.36293
-5.36281
-5.36087
-5.35795
-5.35181
-5.34694
-5.33784
-5.33756
-5.3349
-5.3315
-5.32697
-5.31452
-5.3116
-5.30966
-5.30899
-5.30716
-5.29378
-5.29185
-5.28412
-5.27779
-5.26883
-5.26878
-5.26699
-5.26588
-5.26382
-5.25281
-5.249
-5.24549
-5.24293
-5.24078
-5.24051
-5.22364
-5.21962
-5.21747
-5.21553
-5.20565
-5.20034
-5.19658
-5.18923
-5.18234
-5.17175
-5.16994
-5.15218
-5.15171
-5.1488
-5.14699
-5.14349
-5.1289
-5.12554
-5.12549
-5.12365
-5.12257
-5.11176
-5.10246
-5.10064
-5.0976
-5.09578
-5.09509
-5.09376
-5.08533
-5.08033
-5.07797
-5.05782
-5.05492
-5.04262
-5.04068
-5.03161
-5.02844
-5.02663
-5.02462
-5.01765
-5.01763
-5.01471
-5.01131
-5.00167
-4.99963
-4.99783
-4.99672
-4.99433
-4.992
-4.99153
-4.98827
-4.96847
-4.96844
-4.95449
-4.94542
-4.93989
-4.93804
-4.93118
-4.9276
-4.92274
-4.92059
-4.91162
-4.9026
-4.90078
-4.89969
-4.89764
-4.88546
-4.87989
-4.87639
-4.87435
-4.87431
-4.8714
-4.86445
-4.85129
-4.84643
-4.84394
-4.84261
-4.83654
-4.83416
-4.82861
-4.8268
-4.81616
-4.81323
-4.81074
-4.80881
-4.80559
-4.80528
-4.80377
-4.78578
-4.78575
-4.78284
-4.78226
-4.78045
-4.77728
-4.77346
-4.76245
-4.76014
-4.75639
-4.74848
-4.74555
-4.74242
-4.74215
-4.7406
-4.7371
-4.71911
-4.7191
-4.71729
-4.689
-4.68842
-4.67644
-4.67169
-4.67146
-4.66226
-4.66046
-4.65845
-4.65551
-4.65358
-4.65143
-4.64853
-4.64513
-4.63429
-4.63056
-4.63052
-4.62872
-4.62522
-4.61329
-4.60723
-4.60228
-4.59142
-4.58538
-4.57745
-4.565
-4.56208
-4.56141
-4.55956
-4.55946
-4.55765
-4.55441
-4.55414
-4.54426
-4.53641
-4.53461
-4.53459
-4.5335
-4.53165
-4.5311
-4.52827
-4.52122
-4.51928
-4.51635
-4.5131
-4.51129
-4.50532
-4.50514
-4.49597
-4.49126
-4.49097
-4.46796
-4.46793
-4.46557
-4.44706
-4.44457
-4.4397
-4.43755
-4.4362
-4.42223
-4.42041
-4.41666
-4.4111
-4.40728
-4.40435
-4.4026
-4.40223
-4.39891
-4.39397
-4.39335
-4.37938
-4.37937
-4.37791
-4.37597
-4.37304
-4.35607
-4.35294
-4.35111
-4.35
-4.34557
-4.34207
-4.34027
-4.33824
-4.32254
-4.32227
-4.31035
-4.31023
-4.30829
-4.30539
-4.29922
-4.2931
-4.28934
-4.28525
-4.28232
-4.28209
-4.27892
-4.27711
-4.27509
-4.27005
-4.26812
-4.26519
-4.26194
-4.25587
-4.25407
-4.25206
-4.24719
-4.2448
-4.23874
-4.21622
-4.21441
-4.19589
-4.19522
-4.1934
-4.19036
-4.18853
-4.18512
-4.18495
-4.17808
-4.17106
-4.16733
-4.16704
-4.16548
-4.16209
-4.15306
-4.15125
-4.15017
-4.14775
-4.144
-4.14218
-4.12687
-4.12674
-4.1248
-4.12437
-4.12188
-4.10177
-4.09884
-4.09647
-4.09441
-4.09091
-4.08709
-4.08103
-4.07291
-4.07137
-4.0711
-4.06122
-4.05918
-4.05772
-4.05605
-4.05578
-4.05423
-4.04806
-4.03841
-4.03795
-4.03624
-4.03331
-4.03274
-4.03273
-4.03092
-4.02981
-4.02775
-4.02394
-4.01292
-4.00686
-4.00471
-4.00234
-4.00089
-3.99603
-3.98758
-3.96959
-3.96914
-3.96505
-3.95316
-3.94405
-3.93948
-3.93889
-3.93568
-3.93387
-3.93186
-3.92691
-3.91614
-3.91597
-3.91578
-3.91274
-3.91094
-3.90892
-3.90598
-3.9019
-3.89901
-3.89283
-3.88295
-3.88102
-3.8757
-3.87502
-3.8732
-3.85905
-3.85768
-3.85521
-3.84713
-3.84529
-3.8419
-3.82987
-3.82731
-3.82175
-3.81886
-3.81191
-3.81184
-3.81005
-3.80655
-3.80489
-3.8046
-3.78883
-3.78856
-3.78703
-3.78687
-3.78507
-3.78396
-3.78215
-3.78162
-3.78153
-3.77864
-3.77169
-3.76358
-3.76176
-3.76065
-3.75574
-3.75566
-3.75118
-3.73318
-3.71842
-3.71809
-3.71788
-3.71604
-3.70381
-3.702
-3.69999
-3.69504
-3.69154
-3.68802
-3.68667
-3.68452
-3.6807
-3.66713
-3.66652
-3.66471
-3.66363
-3.66158
-3.65776
-3.65483
-3.64938
-3.64382
-3.63179
-3.62985
-3.62839
-3.62386
-3.60788
-3.60655
-3.60586
-3.60404
-3.60048
-3.59799
-3.59595
-3.59254
-3.59075
-3.58871
-3.57801
-3.57609
-3.57468
-3.57301
-3.57274
-3.5695
-3.56772
-3.56567
-3.56276
-3.56082
-3.56074
-3.56066
-3.5497
-3.54969
-3.54677
-3.53982
-3.53766
-3.53739
-3.53572
-3.53279
-3.52053
-3.51241
-3.50949
-3.50635
-3.50454
-3.50254
-3.49167
-3.48611
-3.48202
-3.46863
-3.46684
-3.46668
-3.46488
-3.45276
-3.45253
-3.44901
-3.44864
-3.4457
-3.44388
-3.44276
-3.44037
-3.43555
-3.43547
-3.42238
-3.41945
-3.4178
-3.41751
-3.41596
-3.41535
-3.41247
-3.39823
-3.39449
-3.39447
-3.39265
-3.39198
-3.37722
-3.37485
-3.36408
-3.3547
-3.35181
-3.34931
-3.34866
-3.34694
-3.34679
-3.34138
-3.33757
-3.3315
-3.32679
-3.32534
-3.32356
-3.32333
-3.32184
-3.32157
-3.31834
-3.31452
-3.31159
-3.30966
-3.30819
-3.30034
-3.29854
-3.29853
-3.29742
-3.29561
-3.29359
-3.28873
-3.28858
-3.28514
-3.28321
-3.28028
-3.27779
-3.25519
-3.25282
-3.25137
-3.24051
-3.23676
-3.23494
-3.2295
-3.21962
-3.21747
-3.21553
-3.2085
-3.20363
-3.20148
-3.19947
-3.19766
-3.19658
-3.19453
-3.19159
-3.18615
-3.18435
-3.18234
-3.18059
-3.17121
-3.16829
-3.16662
-3.16642
-3.16628
-3.14333
-3.14329
-3.14081
-3.13343
-3.1255
-3.12549
-3.12368
-3.12257
-3.11291
-3.1095
-3.10569
-3.10246
-3.10218
-3.10064
-3.0976
-3.09747
-3.09577
-3.08647
-3.08265
-3.08035
-3.07972
-3.07778
-3.07428
-3.07416
-3.07222
-3.06933
-3.06234
-3.05703
-3.05327
-3.04918
-3.04625
-3.04244
-3.0393
-3.03903
-3.03749
-3.03398
-3.03205
-3.02912
-3.02844
-3.02663
-3.01599
-3.01112
-3.00864
-3.00165
-2.98587
-2.98532
-2.98366
-2.98015
-2.97834
-2.96852
-2.9684
-2.95915
-2.95733
-2.95428
-2.95248
-2.95045
-2.94831
-2.94542
-2.94201
-2.93499
-2.93124
-2.93118
-2.92943
-2.92742
-2.917
-2.91519
-2.9141
-2.91162
-2.88831
-2.88226
-2.87434
-2.87432
-2.8714
-2.8604
-2.85836
-2.85632
-2.85453
-2.85341
-2.85129
-2.85102
-2.84846
-2.84642
-2.84496
-2.83532
-2.83329
-2.83148
-2.83036
-2.82856
-2.82842
-2.8266
-2.82516
-2.82311
-2.81998
-2.81817
-2.81616
-2.81324
-2.81117
-2.80211
-2.80211
-2.80017
-2.79724
-2.78814
-2.78786
-2.77728
-2.76627
-2.76483
-2.76245
-2.75996
-2.7593
-2.75746
-2.75639
-2.74215
-2.73658
-2.73443
-2.73308
-2.73249
-2.72899
-2.71912
-2.7191
-2.7173
-2.71354
-2.70798
-2.70322
-2.70302
-2.6994
-2.6992
-2.6958
-2.69324
-2.69085
-2.68008
-2.67626
-2.67285
-2.66993
-2.66583
-2.66294
-2.66226
-2.66045
-2.64688
-2.64495
-2.64248
-2.64244
-2.63953
-2.63895
-2.63714
-2.61942
-2.61914
-2.61455
-2.61105
-2.60923
-2.60723
-2.60517
-2.60228
-2.60224
-2.59912
-2.59729
-2.59379
-2.59124
-2.58213
-2.5792
-2.57726
-2.57582
-2.5758
-2.57398
-2.56881
-2.565
-2.56207
-2.55276
-2.55097
-2.5508
-2.54901
-2.54789
-2.54608
-2.5454
-2.54407
-2.53562
-2.52827
-2.51511
-2.5131
-2.51129
-2.50812
-2.50529
-2.50516
-2.49711
-2.49099
-2.48725
-2.48722
-2.48542
-2.48192
-2.48191
-2.47998
-2.46795
-2.46793
-2.46419
-2.46392
-2.46237
-2.45897
-2.45196
-2.44994
-2.44814
-2.44705
-2.44463
-2.44207
-2.43106
-2.42169
-2.41876
-2.4111
-2.39572
-2.39378
-2.39335
-2.39311
-2.39132
-2.39127
-2.39018
-2.38836
-2.38779
-2.37791
-2.37597
-2.37304
-2.3698
-2.36825
-2.36797
-2.36339
-2.36192
-2.35988
-2.35607
-2.35293
-2.35266
-2.35112
-2.35
-2.34795
-2.34188
-2.34007
-2.33694
-2.33312
-2.33019
-2.32962
-2.32669
-2.32475
-2.32467
-2.32461
-2.32226
-2.30374
-2.30159
-2.29966
-2.29922
-2.29673
-2.29424
-2.29291
-2.28446
-2.27892
-2.27711
-2.27335
-2.26647
-2.26194
-2.25911
-2.25588
-2.25561
-2.25406
-2.25004
-2.24595
-2.23621
-2.23616
-2.23597
-2.23593
-2.23256
-2.23076
-2.23062
-2.22882
-2.21303
-2.21279
-2.21272
-2.20962
-2.20781
-2.2067
-2.19878
-2.19589
-2.18171
-2.1799
-2.17923
-2.17789
-2.16704
-2.16209
-2.15592
-2.14401
-2.14218
-2.14192
-2.13901
-2.13878
-2.12801
-2.12677
-2.12481
-2.12419
-2.12188
-2.11863
-2.11574
-2.11256
-2.11087
-2.11076
-2.10873
-2.10389
-2.10176
-2.10149
-2.09884
-2.09543
-2.09072
-2.08579
-2.08377
-2.08196
-2.08086
-2.08082
-2.07903
-2.07845
-2.07553
-2.07359
-2.07292
-2.07109
-2.05753
-2.05281
-2.05235
-2.04806
-2.04173
-2.03007
-2.02776
-2.024
-2.02218
-2.01674
-2.0153
-2.01293
-2.00976
-2.00796
-2.00685
-2.00471
-2.00444
-2.00071
-1.99885
-1.98672
-1.98493
-1.98488
-1.98356
-1.9814
-1.97946
-1.96958
-1.96402
-1.96341
-1.96159
-1.96051
-1.95846
-1.95553
-1.95316
-1.94627
-1.93055
-1.92806
-1.92673
-1.9159
-1.91585
-1.91274
-1.91093
-1.90475
-1.89736
-1.89488
-1.89293
-1.89283
-1.89001
-1.88946
-1.88939
-1.88762
-1.8865
-1.87686
-1.87482
-1.87302
-1.86989
-1.86962
-1.86696
-1.86639
-1.86458
-1.86152
-1.8614
-1.85972
-1.85904
-1.85769
-1.85758
-1.85272
-1.84658
-1.84427
-1.84365
-1.84171
-1.8326
-1.8297
-1.82965
-1.82628
-1.82175
-1.80637
-1.80323
-1.80142
-1.79588
-1.79237
-1.79056
-1.78855
-1.7789
-1.77317
-1.77257
-1.77251
-1.7656
-1.76356
-1.76177
-1.76065
-1.7586
-1.75576
-1.75564
-1.74959
-1.74947
-1.74758
-1.73965
-1.7377
-1.73555
-1.73243
-1.73235
-1.71842
-1.71467
-1.71439
-1.71285
-1.71224
-1.70935
-1.70381
-1.70199
-1.69511
-1.69135
-1.684
-1.67555
-1.66652
-1.66471
-1.66158
-1.66096
-1.6462
-1.64553
-1.64383
-1.6437
-1.64358
-1.64176
-1.64065
-1.63884
-1.63827
-1.63826
-1.63534
-1.62839
-1.62368
-1.62027
-1.61876
-1.61845
-1.61761
-1.61731
-1.6158
-1.61522
-1.61239
-1.61036
-1.60787
-1.60654
-1.60048
-1.59722
-1.59541
-1.5943
-1.59249
-1.59236
-1.59055
-1.58987
-1.5801
-1.57717
-1.5751
-1.57468
-1.57274
-1.55207
-1.5497
-1.54969
-1.54677
-1.54472
-1.54121
-1.53739
-1.52639
-1.52383
-1.52322
-1.52168
-1.5214
-1.52032
-1.51241
-1.50949
-1.50636
-1.50608
-1.50453
-1.50052
-1.49836
-1.49643
-1.48848
-1.48665
-1.48644
-1.48307
-1.483
-1.48123
-1.47747
-1.4635
-1.46333
-1.46313
-1.45717
-1.45275
-1.45254
-1.44019
-1.43465
-1.43283
-1.4297
-1.4262
-1.42439
-1.42238
-1.41945
-1.41751
-1.41536
-1.40979
-1.40641
-1.40637
-1.40346
-1.39448
-1.39447
-1.39435
-1.39266
-1.39241
-1.38949
-1.38335
-1.37848
-1.37722
-1.37466
-1.37116
-1.3691
-1.36645
-1.36621
-1.36618
-1.36304
-1.36126
-1.3592
-1.34931
-1.34606
-1.34314
-1.3412
-1.33871
-1.33132
-1.32893
-1.326
-1.32533
-1.32352
-1.32338
-1.32158
-1.30934
-1.30801
-1.30551
-1.30041
-1.29854
-1.29847
-1.29742
-1.29561
-1.2922
-1.28054
-1.27761
-1.27704
-1.27522
-1.27447
-1.27266
-1.27205
-1.26917
-1.26915
-1.25519
-1.25491
-1.25122
-1.25116
-1.2493
-1.23719
-1.23538
-1.23188
-1.23187
-1.22812
-1.22631
-1.22077
-1.21388
-1.21207
-1.21099
-1.2085
-1.206
-1.20363
-1.20148
-1.18381
-1.18315
-1.18059
-1.17854
-1.17503
-1.17121
-1.16829
-1.16642
-1.16629
-1.15729
-1.15704
-1.15524
-1.1552
-1.15411
-1.1523
-1.15029
-1.14534
-1.14331
-1.1433
-1.14185
-1.1399
-1.13698
-1.13219
-1.12734
-1.12529
-1.1235
-1.12
-1.11744
-1.11687
-1.11505
-1.11393
-1.11188
-1.1095
-1.10805
-1.09705
-1.09413
-1.08646
-1.0862
-1.08015
-1.07416
-1.07222
-1.06315
-1.05818
-1.05684
-1.05617
-1.05436
-1.05325
-1.04918
-1.04625
-1.04285
-1.04104
-1.03903
-1.03728
-1.02937
-1.02826
-1.02644
-1.02587
-1.02349
-1.02315
-1.02304
-1.0198
-1.018
-1.01599
-1.01112
-1.00027
-1.00006
-0.999944
-0.999731
-0.990118
-0.986027
-0.976959
-0.969603
-0.962716
-0.959822
-0.959147
-0.957337
-0.95428
-0.952469
-0.943158
-0.941827
-0.939338
-0.936414
-0.934475
-0.932323
-0.931237
-0.930969
-0.92943
-0.926023
-0.917
-0.915184
-0.911437
-0.911427
-0.907933
-0.906115
-0.905865
-0.902946
-0.899129
-0.895996
-0.894185
-0.890677
-0.888739
-0.888122
-0.885812
-0.874148
-0.872678
-0.868089
-0.867831
-0.866276
-0.865676
-0.86277
-0.858345
-0.847698
-0.84589
-0.844788
-0.844761
-0.842963
-0.842285
-0.840347
-0.836843
-0.835302
-0.835032
-0.825152
-0.817308
-0.814378
-0.81199
-0.805004
-0.802142
-0.802078
-0.80017
-0.797243
-0.793996
-0.791685
-0.78793
-0.787868
-0.78612
-0.784113
-0.777096
-0.776861
-0.773691
-0.772151
-0.77187
-0.770796
-0.768644
-0.764826
-0.75996
-0.750648
-0.748853
-0.748823
-0.738956
-0.733514
-0.727947
-0.71709
-0.707984
-0.703239
-0.702998
-0.692004
-0.690666
-0.689991
-0.688183
-0.687061
-0.685317
-0.685048
-0.683306
-0.680077
-0.679837
-0.67977
-0.676671
-0.674864
-0.672853
-0.669922
-0.665832
-0.662081
-0.6603
-0.660237
-0.658803
-0.656866
-0.656764
-0.653938
-0.64688
-0.644944
-0.644829
-0.63877
-0.636957
-0.633827
-0.630895
-0.622964
-0.621634
-0.621518
-0.619145
-0.616929
-0.616641
-0.596538
-0.593624
-0.593599
-0.591246
-0.591121
-0.589185
-0.58568
-0.575801
-0.575799
-0.573989
-0.570235
-0.566135
-0.563214
-0.55981
-0.555993
-0.552775
-0.552476
-0.550995
-0.550783
-0.548999
-0.547893
-0.546078
-0.54283
-0.536857
-0.536675
-0.533023
-0.532875
-0.528084
-0.527534
-0.525673
-0.52458
-0.522526
-0.5197
-0.519564
-0.503576
-0.501636
-0.499485
-0.497113
-0.482349
-0.47861
-0.476773
-0.476108
-0.471243
-0.467738
-0.465932
-0.463916
-0.458973
-0.451955
-0.448199
-0.447931
-0.438828
-0.435898
-0.434152
-0.433771
-0.431064
-0.430451
-0.428641
-0.425508
-0.424883
-0.421689
-0.418773
-0.410915
-0.409452
-0.407761
-0.407664
-0.407491
-0.4057
-0.404584
-0.402772
-0.400746
-0.395721
-0.393782
-0.392317
-0.387606
-0.382656
-0.381542
-0.379733
-0.377732
-0.371804
-0.370469
-0.369786
-0.367983
-0.364409
-0.361922
-0.353804
-0.341888
-0.340075
-0.33861
-0.336938
-0.336669
-0.324662
-0.324607
-0.320883
-0.319072
-0.313655
-0.313607
-0.310701
-0.308648
-0.306642
-0.30483
-0.303754
-0.301594
-0.301318
-0.299652
-0.296727
-0.287761
-0.285607
-0.283597
-0.281787
-0.278735
-0.276917
-0.276341
-0.273417
-0.270281
-0.268472
-0.266462
-0.252413
-0.250552
-0.250396
-0.250041
-0.245949
-0.227433
-0.224945
-0.22008
-0.216645
-0.216504
-0.212798
-0.212717
-0.20962
-0.207811
-0.206692
-0.198581
-0.197041
-0.196766
-0.193634
-0.189815
-0.186888
-0.186311
-0.183383
-0.18281
-0.181702
-0.181443
-0.179902
-0.179287
-0.173726
-0.163845
-0.161905
-0.158452
-0.158368
-0.158287
-0.156591
-0.156335
-0.155913
-0.153421
-0.149601
-0.141173
-0.138597
-0.130379
-0.128005
-0.126563
-0.123134
-0.118632
-0.113244
-0.112574
-0.110756
-0.102642
-0.0952492
-0.0927921
-0.0927223
-0.090727
-0.0892595
-0.0874575
-0.0873094
-0.0857729
-0.0855033
-0.0698628
-0.0695788
-0.0694515
-0.0677827
-0.0648513
-0.0642791
-0.0624705
-0.0624557
-0.0613477
-0.0595381
-0.0575298
-0.0554763
-0.0526516
-0.0525151
-0.0444721
-0.0415425
-0.0384063
-0.0365937
-0.0345861
-0.032434
-0.0275684
-0.0191127
-0.0153001
-0.00112271
-0.000686191
0.000688908
0.00112153
0.0153017
0.0191179
0.0275684
0.0324332
0.0345862
0.0365969
0.0384032
0.0415404
0.044471
0.052469
0.0526988
0.0554773
0.0575218
0.0595176
0.0613484
0.0624417
0.0624936
0.0642786
0.0648532
0.0678009
0.0694488
0.0696255
0.0698161
0.0855051
0.0857688
0.0873083
0.0874548
0.0892568
0.0907292
0.0927534
0.09277
0.095251
0.102643
0.110749
0.112568
0.11325
0.118632
0.123156
0.126561
0.128006
0.130378
0.13859
0.141152
0.149604
0.153418
0.155916
0.156342
0.156592
0.158278
0.15837
0.158454
0.161905
0.163844
0.173725
0.179276
0.179903
0.181443
0.181729
0.182795
0.183385
0.186309
0.186888
0.189815
0.193632
0.196768
0.197039
0.19858
0.206693
0.207811
0.209622
0.212724
0.212784
0.216499
0.216659
0.220078
0.224945
0.227434
0.245947
0.250028
0.250391
0.250568
0.252413
0.266453
0.268479
0.270283
0.273414
0.276342
0.276924
0.278731
0.281789
0.283599
0.285607
0.287758
0.296728
0.299652
0.301317
0.301598
0.303748
0.304833
0.306642
0.308647
0.310706
0.31359
0.313668
0.31907
0.320883
0.324608
0.324663
0.33667
0.336941
0.33861
0.340071
0.34189
0.353806
0.361917
0.364409
0.367977
0.369801
0.370469
0.371802
0.377724
0.379734
0.381542
0.382658
0.387604
0.392315
0.393781
0.39572
0.400766
0.402769
0.404586
0.405692
0.407511
0.40764
0.407768
0.409441
0.410913
0.418774
0.421691
0.424891
0.425507
0.428635
0.430456
0.431074
0.433881
0.434034
0.435897
0.438824
0.447921
0.448198
0.451968
0.458973
0.46392
0.465929
0.467738
0.471242
0.476108
0.476784
0.478596
0.482349
0.497114
0.499484
0.501637
0.503575
0.519467
0.519798
0.522529
0.524579
0.525687
0.527522
0.528083
0.532874
0.533022
0.536693
0.536847
0.542832
0.546076
0.547893
0.549008
0.550814
0.55095
0.55248
0.552765
0.555993
0.55981
0.563215
0.566145
0.570234
0.573989
0.575798
0.575804
0.58568
0.589186
0.591122
0.591241
0.593594
0.593628
0.596538
0.61665
0.616921
0.619148
0.621519
0.621633
0.622969
0.630894
0.633822
0.636958
0.638767
0.644829
0.644945
0.646882
0.653936
0.656764
0.656864
0.658803
0.66026
0.660279
0.662079
0.665833
0.669925
0.672845
0.674867
0.676669
0.679733
0.679879
0.680076
0.683311
0.685099
0.685243
0.687087
0.688177
0.689987
0.690665
0.691999
0.703045
0.703193
0.707983
0.71709
0.727949
0.733512
0.738956
0.748824
0.748849
0.750647
0.759958
0.764826
0.76864
0.77079
0.77187
0.77216
0.773689
0.77686
0.777094
0.784114
0.786121
0.787872
0.78793
0.791686
0.793995
0.797245
0.800173
0.802062
0.80216
0.805002
0.811991
0.814377
0.817304
0.825152
0.835031
0.835304
0.836844
0.840347
0.842284
0.842952
0.844759
0.844789
0.845893
0.847711
0.858343
0.862767
0.865697
0.866272
0.867816
0.868089
0.872678
0.874147
0.885806
0.888123
0.88874
0.89068
0.894182
0.895999
0.89913
0.902945
0.905872
0.906118
0.90793
0.911424
0.911438
0.915182
0.917001
0.926022
0.929427
0.93096
0.931164
0.932405
0.934476
0.936413
0.93934
0.941827
0.943159
0.952472
0.954281
0.957334
0.959146
0.959824
0.962717
0.969605
0.976957
0.986026
0.990117
0.999913
0.999986
1.00001
1.00009
1.01112
1.01598
1.018
1.01981
1.02304
1.02317
1.02345
1.02587
1.02645
1.02826
1.02938
1.03728
1.03903
1.04104
1.04285
1.04625
1.04918
1.05327
1.05436
1.05617
1.05684
1.05817
1.06315
1.07222
1.07416
1.08015
1.08619
1.08647
1.09413
1.09705
1.10806
1.1095
1.11188
1.11393
1.11505
1.11686
1.11744
1.12
1.1235
1.12529
1.12734
1.13218
1.13698
1.1399
1.14184
1.14328
1.14334
1.14535
1.15029
1.1523
1.15411
1.15521
1.15525
1.15703
1.15728
1.16629
1.1664
1.16829
1.17122
1.17503
1.17854
1.18059
1.1834
1.18358
1.20148
1.20363
1.206
1.2085
1.21095
1.2121
1.21388
1.22077
1.22631
1.22812
1.23184
1.23191
1.23538
1.23719
1.24932
1.25115
1.2512
1.25491
1.2552
1.26908
1.26924
1.27205
1.27266
1.27447
1.2752
1.27705
1.27761
1.28054
1.2922
1.29558
1.29741
1.2985
1.29856
1.30038
1.30552
1.308
1.30934
1.32158
1.32337
1.32353
1.32532
1.326
1.32893
1.33132
1.33871
1.34119
1.34313
1.34606
1.34931
1.35922
1.36124
1.36304
1.36618
1.36621
1.36645
1.36911
1.37116
1.37466
1.37722
1.37848
1.38335
1.38949
1.39241
1.39266
1.39435
1.39444
1.3945
1.40346
1.40638
1.4064
1.40979
1.41536
1.41751
1.41945
1.42238
1.42439
1.4262
1.4297
1.43283
1.43465
1.44019
1.45261
1.45269
1.45717
1.46316
1.46329
1.4635
1.47747
1.48123
1.48301
1.48307
1.48647
1.48662
1.48848
1.49642
1.49836
1.50052
1.50454
1.50608
1.50635
1.50948
1.51241
1.52032
1.5214
1.52167
1.52322
1.52383
1.52639
1.53739
1.54121
1.54472
1.54677
1.54968
1.54972
1.55207
1.57274
1.57468
1.5751
1.57717
1.58009
1.58987
1.59055
1.59233
1.59251
1.5943
1.59542
1.59723
1.60047
1.60652
1.60788
1.61036
1.61239
1.61522
1.6158
1.61734
1.61762
1.61845
1.61873
1.62028
1.62367
1.62838
1.63533
1.63824
1.63828
1.63883
1.64066
1.64177
1.64357
1.64372
1.64383
1.64552
1.6462
1.66096
1.66157
1.66471
1.66652
1.67555
1.684
1.69135
1.69511
1.702
1.7038
1.70935
1.71224
1.71285
1.71439
1.71467
1.71842
1.73226
1.73252
1.73555
1.7377
1.73964
1.74759
1.7494
1.74965
1.75568
1.75573
1.75859
1.76065
1.76176
1.76358
1.76558
1.77257
1.77281
1.77287
1.7789
1.78856
1.79056
1.79237
1.79587
1.80142
1.80323
1.80637
1.82175
1.82627
1.82967
1.82968
1.8326
1.84171
1.84365
1.84427
1.84658
1.85272
1.85759
1.8577
1.85903
1.85971
1.8614
1.86152
1.86458
1.86639
1.86696
1.86962
1.86989
1.87303
1.87482
1.87686
1.8865
1.88761
1.8894
1.88946
1.89
1.89283
1.89293
1.89487
1.89737
1.90475
1.91093
1.91274
1.9158
1.91595
1.92673
1.92806
1.93055
1.94627
1.95316
1.95553
1.95846
1.96051
1.96159
1.9634
1.96402
1.96958
1.97946
1.9814
1.98356
1.9849
1.98491
1.98672
1.99887
2.00069
2.00444
2.00471
2.00687
2.00795
2.00976
2.01293
2.0153
2.01675
2.02219
2.024
2.02775
2.03006
2.04173
2.04806
2.0525
2.05267
2.05753
2.0711
2.07291
2.07359
2.07552
2.07845
2.07903
2.08082
2.08086
2.08196
2.08377
2.08578
2.09072
2.09543
2.09884
2.1015
2.10176
2.10388
2.10874
2.11077
2.11088
2.11257
2.11574
2.11863
2.12188
2.12419
2.12481
2.12675
2.128
2.13878
2.13901
2.14193
2.14219
2.144
2.15592
2.16209
2.16704
2.17789
2.17923
2.1799
2.18171
2.19589
2.19878
2.20669
2.20781
2.20962
2.21275
2.21276
2.21303
2.22878
2.23065
2.23077
2.23256
2.236
2.23604
2.23609
2.23614
2.24595
2.25004
2.25405
2.25559
2.25591
2.25911
2.26194
2.26646
2.27335
2.27711
2.27892
2.28446
2.2929
2.29425
2.29673
2.29922
2.29965
2.30159
2.30375
2.32226
2.32462
2.32464
2.32475
2.32669
2.32962
2.33019
2.33312
2.33694
2.34008
2.34189
2.34795
2.35
2.35112
2.35266
2.35293
2.35606
2.35988
2.36192
2.36339
2.36798
2.36825
2.36979
2.37305
2.37597
2.37791
2.38779
2.38835
2.39018
2.39129
2.3913
2.39311
2.39335
2.39378
2.39572
2.4111
2.41876
2.42169
2.43106
2.44207
2.44463
2.44706
2.44814
2.44994
2.45196
2.45897
2.46238
2.46391
2.46419
2.46793
2.46796
2.47998
2.48185
2.48198
2.48542
2.48721
2.48725
2.49099
2.49711
2.50518
2.50526
2.50813
2.51129
2.5131
2.51511
2.52827
2.53562
2.54407
2.5454
2.54608
2.5479
2.54901
2.5508
2.55096
2.55276
2.56208
2.565
2.56882
2.57397
2.5758
2.57582
2.57726
2.5792
2.58213
2.59124
2.59379
2.5973
2.59911
2.60225
2.60228
2.60517
2.60722
2.60923
2.61105
2.61455
2.61915
2.61942
2.63714
2.63895
2.63953
2.64244
2.64248
2.64495
2.64688
2.66045
2.66227
2.66294
2.66583
2.66993
2.67285
2.67626
2.68007
2.69085
2.69324
2.6958
2.69922
2.69936
2.70299
2.70327
2.70798
2.71354
2.7173
2.71909
2.71913
2.72899
2.73249
2.73308
2.73443
2.73659
2.74215
2.75637
2.75749
2.75928
2.75996
2.76246
2.76483
2.76627
2.77728
2.78786
2.78814
2.79724
2.80017
2.80206
2.80216
2.81118
2.81323
2.81616
2.81816
2.81999
2.82311
2.82516
2.82662
2.8284
2.82859
2.83036
2.83148
2.8333
2.83531
2.84496
2.84642
2.84846
2.85102
2.85129
2.85341
2.85453
2.85634
2.85835
2.8604
2.8714
2.87432
2.87435
2.88226
2.88831
2.91161
2.9141
2.91519
2.917
2.92742
2.92943
2.93118
2.93124
2.93499
2.94201
2.94542
2.94831
2.95047
2.95247
2.95428
2.95734
2.95915
2.96838
2.96854
2.97833
2.98015
2.98366
2.98557
2.98562
3.00165
3.00864
3.01112
3.01599
3.02663
3.02844
3.02912
3.03204
3.03398
3.03749
3.03902
3.0393
3.04244
3.04625
3.04918
3.05327
3.05704
3.06234
3.06933
3.07222
3.07416
3.07428
3.07778
3.07972
3.08034
3.08265
3.08646
3.09578
3.09747
3.09759
3.10064
3.10218
3.10246
3.10569
3.10951
3.11291
3.12257
3.12369
3.12548
3.12551
3.13343
3.14081
3.14328
3.14334
3.16634
3.16635
3.16662
3.16829
3.17122
3.18059
3.18234
3.18435
3.18616
3.1916
3.19453
3.19657
3.19767
3.19947
3.20148
3.20364
3.2085
3.21553
3.21747
3.21962
3.22951
3.23495
3.23676
3.24051
3.25137
3.25281
3.25519
3.27779
3.28028
3.28321
3.28515
3.28859
3.28872
3.2936
3.29561
3.29741
3.29851
3.29856
3.30034
3.30818
3.30966
3.31159
3.31452
3.31834
3.32157
3.32184
3.32337
3.32353
3.32533
3.32679
3.3315
3.33757
3.34138
3.34682
3.34694
3.34864
3.34931
3.35181
3.3547
3.36407
3.37485
3.37723
3.39198
3.3926
3.39446
3.39454
3.39822
3.41247
3.41536
3.41597
3.41751
3.41779
3.41945
3.42238
3.43545
3.43556
3.44038
3.44276
3.44388
3.44569
3.44881
3.44884
3.45261
3.45268
3.46488
3.46669
3.46682
3.46864
3.48202
3.48611
3.49167
3.50253
3.50454
3.50635
3.50949
3.51241
3.52053
3.53279
3.53572
3.53739
3.53766
3.53982
3.54677
3.54968
3.54972
3.56068
3.56072
3.56082
3.56276
3.56569
3.56769
3.56951
3.57274
3.57301
3.57468
3.57612
3.57798
3.58873
3.59073
3.59255
3.59595
3.59799
3.60048
3.60405
3.60586
3.60654
3.60788
3.62386
3.62838
3.62985
3.63179
3.64383
3.64939
3.65483
3.65776
3.66158
3.66362
3.66471
3.66652
3.66713
3.6807
3.68452
3.68667
3.68802
3.69154
3.69504
3.69999
3.702
3.70381
3.71605
3.71796
3.71801
3.71842
3.73318
3.75117
3.75567
3.75573
3.76065
3.76176
3.76358
3.77169
3.77864
3.78153
3.78161
3.78214
3.78396
3.78508
3.78689
3.78702
3.78854
3.78884
3.80462
3.80488
3.80655
3.81006
3.81186
3.81187
3.81886
3.82175
3.82731
3.82987
3.8419
3.84528
3.84713
3.85521
3.8577
3.85903
3.87321
3.87502
3.8757
3.88101
3.88295
3.89283
3.89901
3.9019
3.90599
3.90892
3.91093
3.91274
3.91587
3.91588
3.91614
3.92692
3.93186
3.93387
3.93567
3.93914
3.93924
3.94405
3.95316
3.96505
3.96915
3.96958
3.98757
3.99603
4.00089
4.00234
4.00471
4.00686
4.01293
4.02393
4.02775
4.02981
4.03092
4.03271
4.03276
4.03331
4.03624
4.03817
4.03818
4.04806
4.05423
4.05578
4.05605
4.05772
4.05919
4.06122
4.0711
4.07137
4.07291
4.08103
4.08709
4.09091
4.09441
4.09647
4.09884
4.10176
4.12188
4.12437
4.1248
4.12675
4.12687
4.14218
4.144
4.14775
4.15016
4.15127
4.15307
4.16209
4.16547
4.16703
4.16734
4.17107
4.17808
4.18499
4.18507
4.18854
4.19035
4.19341
4.19521
4.19589
4.21436
4.21627
4.23874
4.2448
4.24719
4.25206
4.25407
4.25587
4.26194
4.26519
4.26812
4.27005
4.27508
4.27712
4.27892
4.28209
4.28232
4.28525
4.28934
4.29309
4.29922
4.3054
4.30829
4.31023
4.31035
4.32226
4.32254
4.33825
4.34026
4.34207
4.34557
4.35
4.35112
4.35293
4.35607
4.37304
4.37597
4.37791
4.37935
4.37939
4.39335
4.39397
4.39891
4.40237
4.40246
4.40436
4.40729
4.4111
4.41665
4.42041
4.42223
4.4362
4.43756
4.4397
4.44457
4.44705
4.46557
4.46793
4.46796
4.49098
4.49125
4.49597
4.50521
4.50525
4.51128
4.51311
4.51635
4.51928
4.52122
4.52827
4.5311
4.53166
4.5335
4.53459
4.53461
4.53642
4.54426
4.55414
4.55441
4.55764
4.55944
4.55959
4.56139
4.56207
4.565
4.57745
4.58538
4.59142
4.60228
4.60723
4.61329
4.62522
4.62873
4.63051
4.63056
4.63429
4.64513
4.64853
4.65143
4.65358
4.65552
4.65845
4.66046
4.66226
4.67157
4.67158
4.67644
4.68821
4.68921
4.71729
4.71907
4.71914
4.7371
4.7406
4.74215
4.74242
4.74556
4.74848
4.75639
4.76014
4.76245
4.77346
4.77728
4.78044
4.78226
4.78283
4.78574
4.78579
4.80376
4.8053
4.80558
4.80881
4.81075
4.81323
4.81616
4.8268
4.82861
4.83416
4.83655
4.84261
4.84394
4.84642
4.85129
4.86445
4.87141
4.87431
4.87435
4.87639
4.87989
4.88546
4.89764
4.89969
4.90079
4.90259
4.91162
4.92059
4.92274
4.92761
4.93117
4.93805
4.93989
4.94542
4.95449
4.96805
4.96887
4.98826
4.99175
4.99178
4.99433
4.99672
4.99783
4.99964
5.00166
5.01131
5.01471
5.01759
5.01769
5.02462
5.02663
5.02844
5.03161
5.04068
5.04262
5.05492
5.05782
5.07797
5.08033
5.08533
5.09375
5.0951
5.09578
5.09759
5.10064
5.10245
5.11177
5.12257
5.12368
5.12547
5.12552
5.12891
5.14349
5.147
5.14881
5.15172
5.15217
5.16994
5.17175
5.18234
5.18923
5.19658
5.20033
5.20565
5.21553
5.21747
5.21963
5.22364
5.24051
5.24078
5.24294
5.24549
5.249
5.25281
5.26382
5.26588
5.26699
5.26876
5.26884
5.27779
5.28413
5.29184
5.29378
5.30717
5.30898
5.30966
5.31159
5.31452
5.32697
5.3315
5.33491
5.33756
5.33783
5.34694
5.35181
5.35795
5.36087
5.36281
5.36294
5.37485
5.37822
5.3801
5.38382
5.39465
5.39816
5.40311
5.42098
5.42123
5.43196
5.4515
5.46488
5.46664
5.46687
5.46864
5.47481
5.48087
5.48469
5.49012
5.49167
5.49196
5.49801
5.50966
5.51317
5.51499
5.51816
5.52053
5.53529
5.55833
5.56082
5.56276
5.56568
5.57632
5.57814
5.57881
5.58368
5.58607
5.58719
5.58872
5.58901
5.59213
5.59595
5.60673
5.60911
5.61204
5.61398
5.62386
5.62942
5.63003
5.63498
5.64717
5.67226
5.6807
5.68312
5.704
5.70402
5.71604
5.71794
5.71803
5.72706
5.73203
5.73404
5.73585
5.741
5.74159
5.74736
5.74916
5.75119
5.76083
5.76434
5.76716
5.77169
5.79021
5.79814
5.80107
5.80488
5.82749
5.82986
5.82998
5.83484
5.83835
5.84329
5.8453
5.84712
5.85789
5.86129
5.8732
5.87504
5.8812
5.89652
5.89833
5.89901
5.92692
5.93186
5.94792
5.94986
5.95336
5.95516
5.95519
5.96505
5.96915
5.97317
5.97822
5.98521
5.99246
5.99621
5.99852
6.00234
6.01335
6.01651
6.01833
6.04137
6.04929
6.05223
6.05424
6.05605
6.05918
6.07022
6.08103
6.08249
6.08708
6.08736
6.09647
6.10747
6.11039
6.11041
6.11246
6.12437
6.14769
6.15017
6.16725
6.17106
6.17807
6.18148
6.19908
6.20102
6.2045
6.20456
6.2144
6.21622
6.22433
6.2304
6.23421
6.23772
6.24737
6.26268
6.26453
6.26519
6.26768
6.26812
6.27006
6.29309
6.3054
6.31034
6.3164
6.32139
6.32834
6.33177
6.33373
6.33671
6.33824
6.33853
6.35625
6.35863
6.35975
6.36156
6.36158
6.37956
6.41841
6.42041
6.42222
6.43265
6.4364
6.45159
6.45354
6.45569
6.46557
6.47658
6.48153
6.4836
6.48538
6.48888
6.51386
6.51635
6.51928
6.52122
6.53727
6.54426
6.54573
6.54766
6.55059
6.55441
6.56757
6.57363
6.57745
6.5795
6.58301
6.58788
6.60741
6.61091
6.63072
6.6343
6.64853
6.67149
6.67166
6.67642
6.68759
6.69744
6.70095
6.70274
6.70291
6.7047
6.72075
6.72775
6.73473
6.74574
6.7566
6.78844
6.79688
6.79882
6.80174
6.80378
6.80557
6.81488
6.81975
6.82479
6.82681
6.82862
6.83202
6.84279
6.85993
6.88546
6.8997
6.90345
6.91677
6.92059
6.92274
6.92761
6.94861
6.95211
6.95373
6.95438
6.97011
6.97192
6.98724
6.9969
7.00776
7.01471
7.0176
7.01767
7.04068
7.04095
7.04262
7.05492
7.06593
7.06605
7.07091
7.07796
7.08137
7.08319
7.09396
7.10927
7.11109
7.11177
7.13508
7.15459
7.163
7.16793
7.16995
7.17175
7.18399
7.18593
7.20112
7.20521
7.22127
7.22365
7.23842
7.26587
7.26698
7.26877
7.26884
7.2868
7.29029
7.29185
7.29212
7.29378
7.29525
7.30984
7.31709
7.32316
7.32697
7.33254
7.36044
7.36294
7.38382
7.38624
7.40713
7.41415
7.42101
7.42119
7.43515
7.43709
7.45046
7.45228
7.4703
7.47481
7.48087
7.50125
7.50418
7.50612
7.51816
7.52917
7.53796
7.54147
7.54641
7.561
7.56441
7.57431
7.57634
7.57814
7.59232
7.63003
7.63498
7.65298
7.65648
7.65829
7.67227
7.70162
7.71966
7.72145
7.73202
7.75004
7.75241
7.75535
7.75728
7.76717
7.77334
7.78033
7.79021
7.79048
7.81352
7.81557
7.82749
7.84348
7.86129
7.87036
7.8812
7.8846
7.90414
7.90731
7.90798
7.91251
7.93351
7.97081
7.97317
7.99621
8.0012
8.01651
8.01833
8.0245
8.03983
8.04137
8.04164
8.05937
8.06287
8.06469
8.07023
8.11245
8.12153
8.13577
8.13952
8.15666
8.15881
8.16368
8.18468
8.22433
8.2304
8.24738
8.25078
8.25368
8.25374
8.26768
8.27675
8.27869
8.29099
8.31053
8.31403
8.32139
8.34784
8.37956
8.39069
8.406
8.40782
8.4364
8.45971
8.48156
8.49955
8.50194
8.50306
8.50483
8.5049
8.52288
8.52792
8.52985
8.54591
8.56304
8.599
8.61988
8.63072
8.65715
8.65719
8.68756
8.71088
8.71693
8.72076
8.74573
8.75073
8.75422
8.77403
8.79707
8.81239
8.81421
8.81489
8.81975
8.84279
8.8661
8.87105
8.88905
8.90833
8.96801
8.97019
8.97193
8.98609
8.9969
9.00323
9.02627
9.06356
9.06605
9.07091
9.09396
9.09736
9.11726
9.14021
9.18398
9.18593
9.20924
9.22127
9.23228
9.23727
9.25258
9.2544
9.27743
9.29544
9.30629
9.34852
9.43515
9.43709
9.45315
9.4604
9.46646
9.47028
9.48345
9.50376
9.54659
9.55746
9.56441
9.59232
9.61563
9.67247
9.70431
9.71763
9.71963
9.72144
9.73564
9.77334
9.81557
9.84348
9.86679
9.92364
9.93351
9.95682
9.97081
9.9818
9.98679
10.0245
10.0509
10.0558
10.0789
10.1395
10.1847
10.2027
10.2062
10.208
10.233
10.3021
10.307
10.33
10.3907
10.42
10.422
10.4538
10.4574
10.5229
10.5459
10.6712
10.6732
10.6892
10.7063
10.774
10.7971
10.8005
10.8284
10.889
10.9404
10.9555
10.9577
10.9861
11.0094
11.0516
11.0795
11.1402
11.1696
11.2069
11.2373
11.2606
11.2954
11.3756
11.4207
11.4387
11.5466
11.6267
11.6899
11.7356
11.7589
11.782
11.9868
12.0101
12.0331
12.1251
12.2222
12.3763
12.4733
12.5315
12.6892
12.7827
12.9404
12.9717
13.2229
13.4387
13.6899
13.9253
14.1765
14.6748
14.926
