2 -21.2712 2.00064 2.6569 0.347313 0.934076 0 1.98452e-16 1.85983
1.98 -21.0845 1.9607 2.62115 0.348963 0.932649 0 -1.29341e-15 1.91371
1.96 -20.8982 1.92076 2.58553 0.350671 0.931174 0 -4.03497e-16 1.97045
1.94 -20.7121 1.88084 2.55004 0.352439 0.929647 0 -3.41394e-16 2.03026
1.92 -20.5263 1.84092 2.5147 0.354272 0.928067 0 -6.08541e-16 2.09337
1.9 -20.3408 1.801 2.4795 0.356173 0.926431 0 -1.82354e-15 2.16004
1.88 -20.1557 1.7611 2.44445 0.358145 0.924735 0 9.49241e-16 2.23058
1.86 -19.971 1.72121 2.40957 0.360193 0.922977 0 -2.6576e-16 2.30528
1.84 -19.7865 1.68132 2.37486 0.362321 0.921154 0 -1.13104e-16 2.38451
1.82 -19.6025 1.64146 2.34033 0.364535 0.919261 0 -1.54043e-16 2.46866
1.8 -19.4188 1.6016 2.30598 0.36684 0.917296 0 5.98271e-15 2.55815
1.78 -19.2356 1.56176 2.27183 0.36924 0.915253 0 9.58261e-16 2.65349
1.76 -19.0527 1.52194 2.23789 0.371743 0.913129 0 2.70582e-15 2.7552
1.74 -18.8703 1.48214 2.20416 0.374356 0.910919 0 -4.16334e-16 2.8639
1.72 -18.6884 1.44237 2.17067 0.377085 0.908617 0 -2.94625e-15 2.98026
1.7 -18.5069 1.40262 2.13742 0.379938 0.906218 0 1.44468e-15 3.10506
1.68 -18.3259 1.3629 2.10442 0.382925 0.903716 0 -1.79232e-15 3.23914
1.66 -18.1454 1.32321 2.0717 0.386054 0.901105 0 -3.06005e-16 3.3835
1.64 -17.9655 1.28356 2.03927 0.389337 0.898376 0 1.31839e-17 3.53924
1.62 -17.7861 1.24395 2.00713 0.392783 0.895523 0 -7.7334e-15 3.70762
1.6 -17.6073 1.20439 1.97533 0.396406 0.892537 0 -3.58047e-16 3.89008
1.58 -17.4291 1.16489 1.94386 0.400219 0.889407 0 1.98452e-16 4.08827
1.56 -17.2515 1.12544 1.91276 0.404236 0.886125 0 2.12122e-15 4.30408
1.54 -17.0746 1.08607 1.88205 0.408475 0.882679 0 -4.00721e-15 4.53971
1.52 -16.8985 1.04677 1.85175 0.412951 0.879056 0 6.93889e-17 4.79767
1.5 -16.723 1.00757 1.8219 0.417686 0.875242 0 -1.13035e-15 5.08091
1.48 -16.5484 0.968469 1.79252 0.4227 0.871223 0 2.83662e-15 5.39283
1.46 -16.3746 0.929485 1.76365 0.428016 0.866982 0 -7.11931e-16 5.73745
1.44 -16.2016 0.890636 1.73532 0.433661 0.862501 0 -1.96301e-15 6.11944
1.42 -16.0296 0.851939 1.70757 0.43966 0.857758 0 -2.01714e-15 6.54436
1.4 -15.8585 0.813417 1.68045 0.446046 0.852732 0 -1.44953e-15 7.01876
1.38 -15.6885 0.775095 1.65401 0.452851 0.847397 0 -2.14551e-15 7.55044
1.36 -15.5196 0.737002 1.6283 0.460111 0.841726 0 9.74221e-16 8.14869
1.34 -15.3518 0.699169 1.60338 0.467863 0.835689 0 5.39568e-15 8.82469
1.32 -15.1853 0.661634 1.57932 0.476149 0.829252 0 -1.40166e-16 9.59188
1.3 -15.0202 0.624441 1.55618 0.485012 0.822379 0 -5.05151e-16 10.4665
1.28 -14.8564 0.587638 1.53405 0.494498 0.81503 0 -2.11497e-15 11.4683
1.26 -14.6942 0.551279 1.513 0.504652 0.807163 0 -5.21805e-15 12.6215
1.24 -14.5336 0.515427 1.49315 0.515521 0.79873 0 7.96585e-16 13.9554
1.22 -14.3747 0.480152 1.47458 0.527149 0.789686 0 -5.82867e-17 15.5064
1.2 -14.2178 0.445532 1.45742 0.539578 0.77998 0 1.8846e-15 17.3194
1.18 -14.0628 0.411653 1.44179 0.552842 0.769564 0 -1.15796e-14 19.4499
1.16 -13.91 0.37861 1.42782 0.566966 0.758389 0 4.77396e-15 21.9669
1.14 -13.7595 0.346505 1.41564 0.581962 0.746413 0 1.65146e-15 24.9566
1.12 -13.6115 0.315446 1.40541 0.597821 0.733602 0 -1.21098e-14 28.5267
1.1 -13.4661 0.285548 1.37216 0.614512 0.719931 0 -2.1827e-14 32.8121
1.08 -13.3236 0.256927 1.33936 0.631976 0.705395 0 1.19904e-15 37.9824
1.06 -13.184 0.229697 1.31063 0.65012 0.690006 0 2.9407e-14 44.2507
1.04 -13.0476 0.20397 1.28625 0.66882 0.673803 0 1.1241e-15 51.8857
1.02 -12.9145 0.179844 1.26646 0.687916 0.656852 0 -4.44977e-14 61.2256
1 -12.7849 0.157403 1.25148 0.707221 0.639245 0 3.32595e-14 72.6965
0.98 -12.6589 0.136713 1.24148 0.726525 0.621104 0 5.58942e-14 86.8341
0.96 -12.5365 0.117812 1.23659 0.745608 0.602569 0 -4.86278e-15 104.309
0.94 -12.4179 0.100711 1.23686 0.764253 0.583796 0 -2.11664e-14 125.952
0.92 -12.303 0.0853916 1.24229 0.782261 0.564945 0 1.42936e-13 152.778
0.9 -12.1919 0.0718071 1.25283 0.799458 0.546171 0 -1.53044e-14 185.989
0.88 -12.0845 0.0598834 1.26833 0.815711 0.527617 0 -1.48354e-14 226.927
0.86 -11.9808 0.0495236 1.28861 0.830927 0.509401 0 1.94844e-14 276.946
0.84 -11.8807 0.0406132 1.31347 0.845056 0.491618 0 -5.46063e-14 337.093
0.82 -11.7841 0.0330259 1.34264 0.858086 0.474335 0 1.32983e-13 407.565
0.8 -11.6909 0.0266284 1.37585 0.870041 0.457592 0 -5.72414e-13 486.932
0.78 -11.601 0.0212865 1.41281 0.880965 0.441407 0 -9.72145e-13 571.465
0.76 -11.5143 0.0168685 1.45324 0.890924 0.425777 0 -1.05055e-13 655.217
0.74 -11.4307 0.0132494 1.49686 0.899992 0.410686 0 -2.27929e-14 731.468
0.72 -11.35 0.0103127 1.54339 0.90825 0.396104 0 -1.92713e-12 795.057
0.7 -11.2722 0.00795239 1.59259 0.915775 0.381998 0 2.49968e-12 844.015
0.68 -11.1972 0.00607348 1.64421 0.922645 0.368329 0 -2.75857e-13 879.433
0.66 -11.1249 0.00459235 1.69802 0.92893 0.355057 0 1.32832e-12 904.079
0.64 -11.0552 0.00343645 1.75384 0.934695 0.342142 0 -7.02899e-13 921.011
0.62 -10.988 0.00254361 1.81147 0.939999 0.329548 0 5.47781e-12 932.795
0.6 -10.9233 0.0018613 1.87075 0.944891 0.317239 0 3.8537e-13 941.293
0.58 -10.8611 0.00134567 1.93153 0.949415 0.305184 0 -5.89251e-12 947.743
0.56 -10.8012 0.000960511 1.99366 0.953611 0.293353 0 -1.45765e-12 952.919
0.54 -10.7437 0.000676335 2.05702 0.957511 0.281722 0 -1.13379e-11 957.29
0.52 -10.6885 0.000469377 2.12151 0.961143 0.270267 0 2.27656e-12 961.129
0.5 -10.6356 0.000320727 2.18703 0.964531 0.25897 0 8.37141e-13 964.595
0.48 -10.5849 0.000215524 2.25348 0.967696 0.247812 0 -6.56697e-12 967.779
0.46 -10.5365 0.000142242 2.32079 0.970653 0.236779 0 -1.46224e-10 970.731
0.44 -10.4902 9.20606e-05 2.38888 0.973419 0.225857 0 -2.61219e-13 973.485
0.42 -10.4461 5.8329e-05 2.45768 0.976006 0.215037 0 -7.25406e-11 976.059
0.4 -10.4042 3.61073e-05 2.52715 0.978425 0.204307 0 -1.0796e-10 978.466
0.38 -10.3644 2.17873e-05 2.59722 0.980685 0.193659 0 -1.53144e-10 980.717
0.36 -10.3267 1.27804e-05 2.66785 0.982794 0.183086 0 -4.17656e-11 982.819
0.34 -10.2912 7.26518e-06 2.739 0.984758 0.17258 0 1.06819e-10 984.779
0.32 -10.2577 3.98742e-06 2.81062 0.986585 0.162137 0 6.93785e-10 986.602
0.3 -10.2263 2.1035e-06 2.88268 0.988279 0.151751 0 2.71705e-09 988.293
0.28 -10.197 1.06086e-06 2.95515 0.989846 0.141416 0 1.29599e-10 989.858
0.26 -10.1697 5.08128e-07 3.028 0.991289 0.131128 0 6.71686e-09 991.298
0.24 -10.1445 2.29264e-07 3.10121 0.992612 0.120884 0 7.98044e-08 992.62
0.22 -10.1214 9.64403e-08 3.17474 0.993818 0.110678 0 4.836e-08 993.824
0.2 -10.1003 3.73224e-08 3.24857 0.99491 0.100508 0 -9.19643e-08 994.916
0.18 -10.0812 1.30577e-08 3.3227 0.995891 0.090369 0 -1.16061e-06 995.896
0.16 -10.0641 4.03319e-09 3.39709 0.996764 0.0802585 0 -1.22425e-06 996.767
0.14 -10.0491 1.06385e-09 3.47172 0.997529 0.0701728 0 3.66104e-06 997.531
0.12 -10.036 2.28248e-10 3.5466 0.998189 0.0601086 0 8.89816e-05 998.19
0.1 -10.025 3.69482e-11 3.62169 0.998744 0.0500627 0 0.000132184 998.746
0.08 -10.016 3.97193e-12 3.69698 0.999198 0.0400321 0 0.001266 999.199
0.06 -10.009 2.27374e-13 3.77248 0.999549 0.0300135 0 0.00947393 999.55
0.04 -10.004 7.10543e-15 3.84815 0.9998 0.020004 0 0.349667 999.8
0.02 -10.001 3.55271e-15 3.92399 0.99995 0.0100005 0 0.864165 999.95
