2 -23.3981 2.0003 2.55764 0.338327 0.934148 0 -3.07425e-15 1.86067
1.98 -23.1928 1.96034 2.52147 0.339843 0.932728 0 7.84095e-16 1.91468
1.96 -22.9877 1.92037 2.48543 0.341413 0.93126 0 1.39724e-16 1.97155
1.94 -22.783 1.88041 2.44952 0.343039 0.929742 0 2.70775e-16 2.0315
1.92 -22.5786 1.84045 2.41374 0.344725 0.92817 0 1.37027e-15 2.09479
1.9 -22.3746 1.8005 2.37809 0.346473 0.926544 0 2.90487e-16 2.16167
1.88 -22.171 1.76055 2.34259 0.348289 0.924859 0 -1.56914e-16 2.23243
1.86 -21.9677 1.72061 2.30725 0.350175 0.923113 0 1.84606e-15 2.3074
1.84 -21.7648 1.68068 2.27206 0.352135 0.921302 0 -2.6494e-17 2.38695
1.82 -21.5623 1.64076 2.23704 0.354176 0.919424 0 -1.86136e-15 2.47146
1.8 -21.3603 1.60084 2.20219 0.356301 0.917474 0 4.0766e-16 2.56139
1.78 -21.1586 1.56094 2.16754 0.358517 0.915449 0 -1.49975e-16 2.65722
1.76 -20.9575 1.52105 2.13308 0.360828 0.913344 0 -2.15737e-16 2.75952
1.74 -20.7568 1.48117 2.09882 0.363242 0.911155 0 -1.69293e-15 2.86891
1.72 -20.5566 1.4413 2.06479 0.365766 0.908877 0 -2.91118e-16 2.98609
1.7 -20.3569 1.40146 2.03098 0.368408 0.906504 0 -2.17944e-16 3.11184
1.68 -20.1577 1.36163 1.99742 0.371175 0.90403 0 2.60682e-16 3.24707
1.66 -19.9591 1.32183 1.96411 0.374078 0.90145 0 -3.67446e-17 3.39278
1.64 -19.7611 1.28206 1.93109 0.377126 0.898756 0 1.61739e-15 3.55013
1.62 -19.5637 1.24231 1.89835 0.38033 0.895941 0 -2.12425e-15 3.72043
1.6 -19.3669 1.2026 1.86592 0.383704 0.892997 0 -2.77272e-15 3.9052
1.58 -19.1708 1.16293 1.83382 0.387259 0.889914 0 -4.32104e-17 4.10616
1.56 -18.9753 1.1233 1.80207 0.391012 0.886683 0 3.65869e-17 4.32533
1.54 -18.7806 1.08373 1.77069 0.394979 0.883293 0 4.39674e-16 4.565
1.52 -18.5867 1.04422 1.73972 0.399178 0.879731 0 6.87676e-15 4.82788
1.5 -18.3936 1.00477 1.70917 0.403628 0.875985 0 -6.69509e-15 5.1171
1.48 -18.2013 0.965413 1.67908 0.408353 0.87204 0 -5.78451e-16 5.43635
1.46 -18.0099 0.926144 1.64948 0.413377 0.867879 0 -2.34945e-15 5.78995
1.44 -17.8194 0.886984 1.62041 0.418727 0.863485 0 1.52561e-15 6.18303
1.42 -17.63 0.847948 1.59192 0.424433 0.858836 0 -3.68203e-15 6.62167
1.4 -17.4416 0.809058 1.56404 0.430529 0.853912 0 6.88622e-15 7.11312
1.38 -17.2543 0.770335 1.53682 0.437051 0.848685 0 -1.95551e-17 7.66608
1.36 -17.0682 0.731807 1.51033 0.44404 0.843129 0 8.88683e-15 8.29103
1.34 -16.8833 0.693506 1.48461 0.451539 0.837211 0 -1.0009e-14 9.00066
1.32 -16.6998 0.655468 1.45975 0.459598 0.830898 0 5.46533e-15 9.8104
1.3 -16.5178 0.617735 1.43582 0.468268 0.824151 0 -6.7875e-16 10.7391
1.28 -16.3372 0.580356 1.41289 0.477604 0.816926 0 -5.65835e-15 11.8101
1.26 -16.1583 0.543389 1.39107 0.487666 0.809178 0 3.44737e-15 13.052
1.24 -15.9812 0.506898 1.37046 0.498514 0.800855 0 -8.85655e-16 14.5005
1.22 -15.806 0.470958 1.35117 0.510208 0.791902 0 -2.54153e-15 16.2
1.2 -15.6328 0.435653 1.33333 0.522809 0.782263 0 9.69679e-15 18.2063
1.18 -15.4619 0.401081 1.31708 0.536371 0.771878 0 -1.95424e-15 20.5896
1.16 -15.2933 0.367347 1.30256 0.550936 0.760689 0 -6.44939e-15 23.4388
1.14 -15.1272 0.334568 1.28995 0.566533 0.748641 0 1.19097e-15 26.8662
1.12 -14.9639 0.302873 1.27941 0.58317 0.735689 0 2.34736e-14 31.0153
1.1 -14.8036 0.272396 1.2593 0.600822 0.721798 0 -1.39283e-15 36.0687
1.08 -14.6464 0.243277 1.22569 0.619429 0.706956 0 4.31725e-15 42.2598
1.06 -14.4926 0.215655 1.19649 0.638886 0.691172 0 -3.49001e-14 49.8871
1.04 -14.3424 0.189665 1.17204 0.65904 0.674491 0 3.2474e-15 59.3326
1.02 -14.1959 0.165427 1.15263 0.679691 0.656991 0 4.1053e-14 71.0843
1 -14.0533 0.143043 1.13852 0.700596 0.638789 0 -3.60141e-14 85.764
0.98 -13.9149 0.122585 1.12991 0.721483 0.620033 0 -3.14874e-14 104.159
0.96 -13.7806 0.104095 1.12693 0.742068 0.600901 0 -2.08729e-13 127.257
0.94 -13.6505 0.0875727 1.12962 0.762075 0.581583 0 -3.92464e-14 156.269
0.92 -13.5247 0.072983 1.13795 0.781257 0.56227 0 -4.92611e-14 192.624
0.9 -13.4031 0.0602521 1.15178 0.799414 0.543143 0 -7.43521e-14 237.898
0.88 -13.2857 0.0492746 1.17093 0.816402 0.524355 0 -1.51848e-14 293.579
0.86 -13.1723 0.0399193 1.19514 0.832135 0.506028 0 2.33735e-13 360.581
0.84 -13.063 0.032038 1.2241 0.846588 0.488248 0 -2.80483e-14 438.432
0.82 -12.9575 0.0254726 1.2575 0.859779 0.471067 0 -3.00002e-13 524.286
0.8 -12.8556 0.0200633 1.29498 0.871765 0.454505 0 1.16185e-13 612.449
0.78 -12.7574 0.015654 1.33621 0.882627 0.438558 0 4.17878e-13 695.374
0.76 -12.6626 0.0120976 1.38084 0.892461 0.423202 0 -5.41769e-13 766.274
0.74 -12.5712 0.00925881 1.42857 0.901368 0.408402 0 -1.00432e-12 821.67
0.72 -12.4829 0.00701624 1.47908 0.909447 0.394115 0 -2.36886e-13 861.932
0.7 -12.3977 0.00526293 1.53211 0.916793 0.380293 0 3.40687e-14 889.878
0.68 -12.3155 0.00390644 1.5874 0.923492 0.36689 0 3.32363e-12 908.957
0.66 -12.2363 0.0028681 1.64472 0.929622 0.35386 0 1.44435e-13 922.153
0.64 -12.1598 0.00208192 1.70387 0.93525 0.341161 0 -2.12015e-12 931.635
0.62 -12.0861 0.00149334 1.76467 0.940436 0.328755 0 6.38742e-13 938.829
0.6 -12.0152 0.00105783 1.82695 0.945229 0.316607 0 3.31512e-11 944.617
0.58 -11.9468 0.000739487 1.89056 0.949674 0.304687 0 3.54478e-12 949.521
0.56 -11.8811 0.000509756 1.95537 0.953805 0.292968 0 1.05227e-10 953.844
0.54 -11.8179 0.000346199 2.02128 0.957654 0.281428 0 -4.43677e-12 957.757
0.52 -11.7572 0.000231412 2.08817 0.961247 0.270046 0 5.14158e-11 961.358
0.5 -11.6991 0.000152071 2.15595 0.964605 0.258806 0 -8.48088e-12 964.704
0.48 -11.6434 9.81194e-05 2.22454 0.967747 0.247693 0 -4.01138e-11 967.828
0.46 -11.5901 6.20688e-05 2.29388 0.970689 0.236694 0 3.90069e-10 970.753
0.44 -11.5392 3.84308e-05 2.36388 0.973443 0.225798 0 -2.78745e-10 973.494
0.42 -11.4907 2.32459e-05 2.4345 0.976022 0.214996 0 5.73581e-10 976.063
0.4 -11.4446 1.37064e-05 2.50569 0.978435 0.204279 0 2.3861e-11 978.468
0.38 -11.4008 7.85787e-06 2.5774 0.980691 0.193641 0 -4.00299e-12 980.718
0.36 -11.3594 4.36727e-06 2.64957 0.982797 0.183074 0 5.62169e-09 982.82
0.34 -11.3203 2.34495e-06 2.72219 0.98476 0.172573 0 2.34675e-09 984.779
0.32 -11.2835 1.2114e-06 2.79521 0.986586 0.162133 0 -3.41117e-09 986.602
0.3 -11.2489 5.99166e-07 2.8686 0.98828 0.151748 0 -1.09074e-08 988.293
0.28 -11.2167 2.82054e-07 2.94234 0.989846 0.141415 0 -1.50868e-08 989.858
0.26 -11.1867 1.25457e-07 3.01639 0.991289 0.131128 0 2.32282e-07 991.298
0.24 -11.159 5.22542e-08 3.09074 0.992612 0.120883 0 3.38957e-08 992.62
0.22 -11.1335 2.01502e-08 3.16537 0.993818 0.110678 0 -6.23324e-08 993.824
0.2 -11.1103 7.08962e-09 3.24025 0.99491 0.100508 0 2.35602e-06 994.916
0.18 -11.0893 2.23245e-09 3.31538 0.995891 0.090369 0 1.03038e-05 995.896
0.16 -11.0705 6.12957e-10 3.39072 0.996764 0.0802585 0 -1.25648e-05 996.767
0.14 -11.054 1.41474e-10 3.46628 0.997529 0.0701728 0 -2.18619e-05 997.531
0.12 -11.0396 2.60254e-11 3.54203 0.998189 0.0601086 0 -4.4197e-05 998.19
0.1 -11.0275 3.5083e-12 3.61796 0.998744 0.0500627 0 -4.40908e-05 998.746
0.08 -11.0176 3.19744e-13 3.69406 0.999198 0.0400321 0 0.0434195 999.199
0.06 -11.0099 1.59872e-14 3.77033 0.999549 0.0300135 0 -0.922746 999.55
0.04 -11.0044 3.19744e-14 3.84675 0.9998 0.020004 0 -0.357056 999.8
0.02 -11.0011 2.84217e-14 3.92331 0.99995 0.0100005 0 0.800986 999.95
