2 -29.7793 2.00003 2.36319 0.292543 0.934208 0 -7.10555e-16 1.86136
1.98 -29.5179 1.96004 2.32603 0.293888 0.932794 0 -2.22512e-15 1.91547
1.96 -29.2569 1.92004 2.28897 0.29528 0.931333 0 2.11512e-16 1.97246
1.94 -28.9963 1.88005 2.25202 0.296722 0.929823 0 2.93453e-15 2.03256
1.92 -28.7362 1.84006 2.21517 0.298216 0.928261 0 2.15583e-15 2.09602
1.9 -28.4765 1.80006 2.17843 0.299766 0.926644 0 -3.18136e-16 2.16309
1.88 -28.2173 1.76007 2.14181 0.301375 0.924971 0 -4.55117e-16 2.23409
1.86 -27.9585 1.72008 2.10531 0.303046 0.923237 0 3.73523e-16 2.30934
1.84 -27.7003 1.6801 2.06895 0.304783 0.921441 0 -4.43222e-16 2.38921
1.82 -27.4425 1.64011 2.03272 0.30659 0.919579 0 8.01752e-16 2.4741
1.8 -27.1853 1.60013 1.99664 0.308473 0.917647 0 1.80201e-15 2.56449
1.78 -26.9287 1.56015 1.96071 0.310435 0.915643 0 3.31394e-16 2.66087
1.76 -26.6726 1.52017 1.92494 0.312483 0.913561 0 -2.69396e-15 2.76382
1.74 -26.4171 1.48019 1.88935 0.314622 0.911397 0 -5.34047e-17 2.87399
1.72 -26.1622 1.44022 1.85394 0.316859 0.909148 0 2.73256e-15 2.99211
1.7 -25.908 1.40026 1.81873 0.3192 0.906808 0 7.71134e-15 3.11899
1.68 -25.6544 1.3603 1.78372 0.321655 0.904371 0 1.01899e-14 3.25558
1.66 -25.4015 1.32035 1.74893 0.324231 0.901833 0 -2.08415e-16 3.40295
1.64 -25.1494 1.28041 1.71438 0.326938 0.899186 0 2.13743e-16 3.56231
1.62 -24.898 1.24047 1.68007 0.329787 0.896424 0 1.95429e-15 3.73507
1.6 -24.6474 1.20055 1.64603 0.33279 0.89354 0 2.6063e-15 3.92284
1.58 -24.3976 1.16065 1.61228 0.33596 0.890525 0 4.03943e-17 4.1275
1.56 -24.1487 1.12076 1.57883 0.339311 0.887371 0 -3.34182e-16 4.35122
1.54 -23.9007 1.08089 1.54571 0.34286 0.884067 0 1.43455e-15 4.59654
1.52 -23.6536 1.04105 1.51294 0.346626 0.880603 0 2.97951e-15 4.86643
1.5 -23.4076 1.00123 1.48055 0.35063 0.876967 0 7.2991e-15 5.1644
1.48 -23.1626 0.961455 1.44857 0.354894 0.873146 0 -4.78288e-15 5.49463
1.46 -22.9186 0.92172 1.41702 0.359446 0.869124 0 -4.8312e-16 5.86205
1.44 -22.6759 0.882036 1.38596 0.364316 0.864886 0 -1.73819e-15 6.27263
1.42 -22.4343 0.842415 1.35541 0.369538 0.860412 0 1.84005e-15 6.73352
1.4 -22.1941 0.80287 1.32542 0.37515 0.855681 0 1.36349e-15 7.25341
1.38 -21.9552 0.763417 1.29605 0.381197 0.85067 0 6.81499e-17 7.84292
1.36 -21.7177 0.724076 1.26735 0.387728 0.845352 0 -1.84872e-16 8.5151
1.34 -21.4818 0.68487 1.23938 0.394802 0.839696 0 1.40063e-14 9.28612
1.32 -21.2475 0.64583 1.21222 0.402483 0.833666 0 -3.24096e-15 10.1761
1.3 -21.015 0.60699 1.18594 0.410844 0.827223 0 5.02574e-16 11.2105
1.28 -20.7843 0.568396 1.16065 0.41997 0.820319 0 -1.0902e-14 12.4213
1.26 -20.5557 0.530099 1.13644 0.429953 0.812903 0 2.68238e-15 13.8495
1.24 -20.3292 0.492166 1.11343 0.440898 0.804914 0 -4.19109e-15 15.5479
1.22 -20.105 0.454675 1.09177 0.452916 0.796283 0 -3.77005e-15 17.5848
1.2 -19.8833 0.41772 1.07162 0.46613 0.786936 0 -9.92014e-15 20.0496
1.18 -19.6644 0.381414 1.05314 0.480664 0.776788 0 3.12349e-15 23.06
1.16 -19.4484 0.34589 1.03654 0.496641 0.765749 0 -2.3284e-14 26.7717
1.14 -19.2356 0.311306 1.02204 0.51417 0.753727 0 -8.3807e-15 31.3927
1.12 -19.0264 0.277839 1.00991 0.533334 0.740634 0 -7.8806e-15 37.2011
1.1 -18.821 0.245689 1.0004 0.554168 0.726395 0 9.37246e-16 44.5707
1.08 -18.6197 0.215073 0.984323 0.576635 0.710958 0 2.93971e-14 54.0042
1.06 -18.423 0.186217 0.952914 0.600604 0.694313 0 4.44466e-14 66.1771
1.04 -18.231 0.159344 0.927361 0.62583 0.676509 0 -2.91533e-15 81.9924
1.02 -18.0442 0.134656 0.908159 0.651943 0.65766 0 2.09227e-14 102.646
1 -17.8628 0.112318 0.895716 0.678464 0.637957 0 1.80913e-13 129.693
0.98 -17.687 0.0924345 0.890315 0.704844 0.617657 0 -9.99498e-15 165.086
0.96 -17.5169 0.0750427 0.892084 0.730517 0.597058 0 3.20315e-13 211.124
0.94 -17.3527 0.0601002 0.900982 0.754973 0.576471 0 -2.99195e-13 270.153
0.92 -17.1941 0.0474911 0.9168 0.777809 0.55618 0 2.93523e-13 343.791
0.9 -17.0411 0.0370371 0.939189 0.798765 0.536415 0 -5.48371e-14 431.44
0.88 -16.8936 0.0285164 0.967693 0.81773 0.517341 0 -7.08675e-13 528.46
0.86 -16.7514 0.0216834 1.00179 0.834716 0.499047 0 -1.22446e-13 625.619
0.84 -16.6141 0.0162876 1.04093 0.849834 0.481563 0 5.45885e-13 711.97
0.82 -16.4816 0.0120887 1.08457 0.863249 0.464871 0 -4.12412e-13 780.065
0.8 -16.3537 0.00886634 1.13219 0.875154 0.448922 0 4.50156e-13 828.789
0.78 -16.2302 0.00642634 1.1833 0.885745 0.43365 0 -8.10685e-13 861.668
0.76 -16.1108 0.00460263 1.23748 0.895206 0.418981 0 2.72672e-12 883.545
0.74 -15.9955 0.00325688 1.29434 0.903702 0.404844 0 -3.95715e-12 898.506
0.72 -15.884 0.00227634 1.35354 0.911377 0.391168 0 -1.44256e-12 909.344
0.7 -15.7764 0.00157096 1.41478 0.91835 0.377894 0 1.72917e-11 917.76
0.68 -15.6724 0.00107003 1.47783 0.924721 0.364967 0 6.15887e-12 924.727
0.66 -15.572 0.000718968 1.54244 0.930573 0.352343 0 -2.0785e-12 930.783
0.64 -15.4751 0.000476258 1.60844 0.935972 0.339981 0 -2.05198e-11 936.221
0.62 -15.3816 0.000310808 1.67566 0.940975 0.327851 0 1.2728e-11 941.199
0.6 -15.2914 0.000199671 1.74396 0.945624 0.315925 0 4.8792e-11 945.808
0.58 -15.2046 0.00012616 1.81321 0.949958 0.30418 0 -3.97168e-11 950.104
0.56 -15.1211 7.83201e-05 1.88332 0.954007 0.292597 0 9.08421e-12 954.121
0.54 -15.0408 4.7717e-05 1.95419 0.957794 0.281161 0 -1.55637e-10 957.884
0.52 -14.9636 2.84945e-05 2.02573 0.961343 0.269857 0 1.0519e-11 961.415
0.5 -14.8896 1.66536e-05 2.09789 0.964669 0.258674 0 2.24431e-09 964.728
0.48 -14.8188 9.51039e-06 2.1706 0.967789 0.247603 0 -5.11642e-10 967.839
0.46 -14.751 5.2969e-06 2.24381 0.970716 0.236633 0 -4.033e-10 970.757
0.44 -14.6862 2.87115e-06 2.31746 0.97346 0.225758 0 -3.45021e-09 973.496
0.42 -14.6245 1.51093e-06 2.39152 0.976032 0.21497 0 -2.81437e-10 976.063
0.4 -14.5658 7.69794e-07 2.46595 0.978441 0.204263 0 1.49135e-09 978.468
0.38 -14.5101 3.78478e-07 2.54072 0.980695 0.193631 0 8.56356e-08 980.718
0.36 -14.4574 1.78898e-07 2.6158 0.982799 0.183068 0 -2.03831e-07 982.82
0.34 -14.4076 8.0938e-08 2.69117 0.984762 0.17257 0 1.70599e-07 984.779
0.32 -14.3608 3.48665e-08 2.76679 0.986587 0.162131 0 1.00607e-08 986.602
0.3 -14.3168 1.42122e-08 2.84266 0.98828 0.151747 0 -4.0494e-07 988.293
0.28 -14.2758 5.44039e-09 2.91874 0.989846 0.141414 0 3.42949e-07 989.858
0.26 -14.2376 1.93782e-09 2.99503 0.991289 0.131127 0 1.32858e-05 991.298
0.24 -14.2023 6.34921e-10 3.07151 0.992612 0.120883 0 1.12861e-05 992.62
0.22 -14.1699 1.8861e-10 3.14816 0.993818 0.110678 0 8.02765e-06 993.824
0.2 -14.1404 4.98854e-11 3.22497 0.99491 0.100508 0 -0.000418145 994.916
0.18 -14.1136 1.14433e-11 3.30194 0.995891 0.090369 0 -0.000239712 995.896
0.16 -14.0897 2.17426e-12 3.37905 0.996764 0.0802585 0 0.000151767 996.767
0.14 -14.0687 3.09086e-13 3.45629 0.997529 0.0701728 0 0.0184753 997.531
0.12 -14.0504 5.86198e-14 3.53365 0.998189 0.0601086 0 0.0624405 998.19
0.1 -14.035 4.61853e-14 3.61113 0.998744 0.0500627 0 0.923673 998.746
0.08 -14.0224 1.06581e-14 3.68871 0.999198 0.0400321 0 -0.692597 999.199
0.06 -14.0126 5.15143e-14 3.7664 0.999549 0.0300135 0 -0.496904 999.55
0.04 -14.0056 1.77636e-14 3.84418 0.9998 0.020004 0 0.0058736 999.8
0.02 -14.0014 5.15143e-14 3.92205 0.99995 0.0100005 0 -0.669961 999.95
