-10 -70.0007 0.0014 36.3963 0.142857 1.04951e-16 0 1 0
-9.95 -69.6507 0.0014 36.1963 0.142857 -2.14765e-16 0 1 0
-9.9 -69.3007 0.0014 35.9963 0.142857 2.8499e-17 0 1 0
-9.85 -68.9507 0.0014 35.7963 0.142857 8.17024e-17 0 1 0
-9.8 -68.6007 0.0014 35.5963 0.142857 4.33681e-18 0 1 0
-9.75 -68.2507 0.0014 35.3963 0.142857 4.84793e-18 0 1 0
-9.7 -67.9007 0.0014 35.1963 0.142857 -8.67362e-18 0 1 0
-9.65 -67.5507 0.0014 34.9963 0.142857 -1.24277e-17 0 1 0
-9.6 -67.2007 0.0014 34.7963 0.142857 3.37884e-17 0 1 0
-9.55 -66.8507 0.0014 34.5963 0.142857 -4.01194e-17 0 1 0
-9.5 -66.5007 0.0014 34.3963 0.142857 2.57498e-17 0 1 0
-9.45 -66.1507 0.0014 34.1963 0.142857 -4.0646e-17 0 1 0
-9.4 -65.8007 0.0014 33.9963 0.142857 2.13495e-16 0 1 0
-9.35 -65.4507 0.0014 33.7963 0.142857 -5.11743e-17 0 1 0
-9.3 -65.1007 0.0014 33.5963 0.142857 -1.21895e-17 0 1 0
-9.25 -64.7507 0.0014 33.3963 0.142857 5.62546e-17 0 1 0
-9.2 -64.4007 0.0014 33.1963 0.142857 -5.01211e-17 0 1 0
-9.15 -64.0507 0.0014 32.9963 0.142857 -3.87215e-17 0 1 0
-9.1 -63.7007 0.0014 32.7963 0.142857 2.39764e-17 0 1 0
-9.05 -63.3507 0.0014 32.5963 0.142857 -5.37764e-17 0 1 0
-9 -63.0007 0.0014 32.3963 0.142857 7.6564e-17 0 1 0
-8.95 -62.6507 0.0014 32.1963 0.142857 -6.67946e-19 0 1 0
-8.9 -62.3007 0.0014 31.9963 0.142857 -7.35709e-17 0 1 0
-8.85 -61.9507 0.0014 31.7963 0.142857 -4.5459e-18 0 1 0
-8.8 -61.6007 0.0014 31.5963 0.142857 1.30414e-16 0 1 0
-8.75 -61.2507 0.0014 31.3963 0.142857 4.15792e-17 0 1 0
-8.7 -60.9007 0.0014 31.1963 0.142857 9.31475e-17 0 1 0
-8.65 -60.5507 0.0014 30.9963 0.142857 -3.40749e-17 0 1 0
-8.6 -60.2007 0.0014 30.7963 0.142857 4.47311e-17 0 1 0
-8.55 -59.8507 0.0014 30.5963 0.142857 2.13743e-17 0 1 0
-8.5 -59.5007 0.0014 30.3963 0.142857 -9.02056e-17 0 1 0
-8.45 -59.1507 0.0014 30.1963 0.142857 3.02957e-17 0 1 0
-8.4 -58.8007 0.0014 29.9963 0.142857 -7.32611e-17 0 1 0
-8.35 -58.4507 0.0014 29.7963 0.142857 -1.45748e-17 0 1 0
-8.3 -58.1007 0.0014 29.5963 0.142857 3.18446e-17 0 1 0
-8.25 -57.7507 0.0014 29.3963 0.142857 -2.48391e-16 0 1 0
-8.2 -57.4007 0.0014 29.1963 0.142857 1.56357e-17 0 1 0
-8.15 -57.0507 0.0014 28.9963 0.142857 -1.29794e-17 0 1 0
-8.1 -56.7007 0.0014 28.7963 0.142857 6.23029e-18 0 1 0
-8.05 -56.3507 0.0014 28.5963 0.142857 -7.40975e-17 0 1 0
-8 -56.0007 0.0014 28.3963 0.142857 -3.47874e-17 0 1 0
-7.95 -55.6507 0.0014 28.1963 0.142857 -3.04816e-17 0 1 0
-7.9 -55.3007 0.0014 27.9963 0.142857 -7.73191e-17 0 1 0
-7.85 -54.9507 0.0014 27.7963 0.142857 -2.86152e-16 0 1 0
-7.8 -54.6007 0.0014 27.5963 0.142857 9.7888e-18 0 1 0
-7.75 -54.2507 0.0014 27.3963 0.142857 -6.44326e-18 0 1 0
-7.7 -53.9007 0.0014 27.1963 0.142857 -1.23289e-16 0 1 0
-7.65 -53.5507 0.0014 26.9963 0.142857 1.13996e-16 0 1 0
-7.6 -53.2007 0.0014 26.7963 0.142857 -2.91434e-16 0 1 0
-7.55 -52.8507 0.0014 26.5963 0.142857 -1.02449e-16 0 1 0
-7.5 -52.5007 0.0014 26.3963 0.142857 8.27091e-18 0 1 0
-7.45 -52.1507 0.0014 26.1963 0.142857 3.19065e-17 0 1 0
-7.4 -51.8007 0.0014 25.9963 0.142857 -2.84719e-16 0 1 0
-7.35 -51.4507 0.0014 25.7963 0.142857 -6.98536e-18 0 1 0
-7.3 -51.1007 0.0014 25.5963 0.142857 -4.43594e-17 0 1 0
-7.25 -50.7507 0.0014 25.3963 0.142857 1.31653e-16 0 1 0
-7.2 -50.4007 0.0014 25.1963 0.142857 7.0628e-17 0 1 0
-7.15 -50.0507 0.0014 24.9963 0.142857 -1.75641e-16 0 1 0
-7.1 -49.7007 0.0014 24.7963 0.142857 7.9472e-17 0 1 0
-7.05 -49.3507 0.0014 24.5963 0.142857 1.87962e-16 0 1 0
-7 -49.0007 0.0014 24.3963 0.142857 6.7964e-17 0 1 0
-6.95 -48.6507 0.0014 24.1963 0.142857 -3.76683e-17 0 1 0
-6.9 -48.3007 0.0014 23.9963 0.142857 -2.30145e-16 0 1 0
-6.85 -47.9507 0.0014 23.7963 0.142857 -4.86845e-17 0 1 0
-6.8 -47.6007 0.0014 23.5963 0.142857 -1.03092e-16 0 1 0
-6.75 -47.2507 0.0014 23.3963 0.142857 -6.44326e-18 0 1 0
-6.7 -46.9007 0.0014 23.1963 0.142857 1.47142e-17 0 1 0
-6.65 -46.5507 0.0014 22.9963 0.142857 7.04422e-17 0 1 0
-6.6 -46.2007 0.0014 22.7963 0.142857 1.14213e-16 0 1 0
-6.55 -45.8507 0.0014 22.5963 0.142857 2.94206e-17 0 1 0
-6.5 -45.5007 0.0014 22.3963 0.142857 4.09519e-17 0 1 0
-6.45 -45.1507 0.0014 22.1963 0.142857 1.35308e-16 0 1 0
-6.4 -44.8007 0.0014 21.9963 0.142857 5.38074e-17 0 1 0
-6.35 -44.4507 0.0014 21.7963 0.142857 1.51223e-16 0 1 0
-6.3 -44.1007 0.0014 21.5963 0.142857 4.51648e-17 0 1 0
-6.25 -43.7507 0.0014 21.3963 0.142857 7.68235e-18 0 1 0
-6.2 -43.4007 0.0014 21.1963 0.142857 -6.19544e-18 0 1 0
-6.15 -43.0507 0.0014 20.9963 0.142857 1.06747e-16 0 1 0
-6.1 -42.7007 0.0014 20.7963 0.142857 1.62863e-17 0 1 0
-6.05 -42.3507 0.0014 20.5963 0.142857 2.63213e-16 0 1 0
-6 -42.0007 0.0014 20.3963 0.142857 -2.70121e-17 0 1 0
-5.95 -41.6507 0.0014 20.1963 0.142857 3.28978e-17 0 1 0
-5.9 -41.3007 0.0014 19.9963 0.142857 7.5172e-17 0 1 0
-5.85 -40.9507 0.0014 19.7963 0.142857 3.38968e-17 0 1 0
-5.8 -40.6007 0.0014 19.5963 0.142857 1.21431e-17 0 1 0
-5.75 -40.2507 0.0014 19.3963 0.142857 -2.4503e-17 0 1 0
-5.7 -39.9007 0.0014 19.1963 0.142857 2.23036e-17 0 1 0
-5.65 -39.5507 0.0014 18.9963 0.142857 -1.28865e-16 0 1 0
-5.6 -39.2007 0.0014 18.7963 0.142857 -4.54126e-17 0 1 0
-5.55 -38.8507 0.0014 18.5963 0.142857 -8.31428e-17 0 1 0
-5.5 -38.5007 0.0014 18.3963 0.142857 5.32808e-17 0 1 0
-5.45 -38.1507 0.0014 18.1963 0.142857 -1.44973e-17 0 1 0
-5.4 -37.8007 0.0014 17.9963 0.142857 -1.01172e-16 0 1 0
-5.35 -37.4507 0.0014 17.7963 0.142857 1.2267e-17 0 1 0
-5.3 -37.1007 0.0014 17.5963 0.142857 2.38478e-16 0 1 0
-5.25 -36.7507 0.0014 17.3963 0.142857 -1.0842e-19 0 1 0
-5.2 -36.4007 0.0014 17.1963 0.142857 2.25514e-17 0 1 0
-5.15 -36.0507 0.0014 16.9963 0.142857 2.19319e-17 0 1 0
-5.1 -35.7007 0.0014 16.7963 0.142857 -6.36891e-17 0 1 0
-5.05 -35.3507 0.0014 16.5963 0.142857 -2.66528e-16 0 1 0
-5 -35.0007 0.0014 16.3963 0.142857 -4.0529e-16 0 1 0
-4.95 -34.6507 0.0014 16.1963 0.142857 -3.49919e-16 0 1 0
-4.9 -34.3007 0.0014 15.9963 0.142857 8.95861e-17 0 1 0
-4.85 -33.9507 0.0014 15.7963 0.142857 7.89299e-17 0 1 0
-4.8 -33.6007 0.0014 15.5963 0.142857 3.17207e-17 0 1 0
-4.75 -33.2507 0.0014 15.3963 0.142857 -5.294e-17 0 1 0
-4.7 -32.9007 0.0014 15.1963 0.142857 7.0628e-17 0 1 0
-4.65 -32.5507 0.0014 14.9963 0.142857 -5.20417e-17 0 1 0
-4.6 -32.2007 0.0014 14.7963 0.142857 1.41256e-16 0 1 0
-4.55 -31.8507 0.0014 14.5963 0.142857 2.10645e-18 0 1 0
-4.5 -31.5007 0.0014 14.3963 0.142857 -2.23636e-17 0 1 0
-4.45 -31.1507 0.0014 14.1963 0.142857 -8.85329e-17 0 1 0
-4.4 -30.8007 0.0014 13.9963 0.142857 3.49616e-17 0 1 0
-4.35 -30.4507 0.0014 13.7963 0.142857 -1.56876e-16 0 1 0
-4.3 -30.1007 0.0014 13.5963 0.142857 -1.05322e-16 0 1 0
-4.25 -29.7507 0.0014 13.3963 0.142857 -7.78147e-17 0 1 0
-4.2 -29.4007 0.0014 13.1963 0.142857 -7.22388e-17 0 1 0
-4.15 -29.0507 0.0014 12.9963 0.142857 -1.77236e-16 0 1 0
-4.1 -28.7007 0.0014 12.7963 0.142857 -1.30058e-16 0 1 0
-4.05 -28.3507 0.0014 12.5963 0.142857 8.99452e-17 0 1 0
-4 -28.0007 0.0014 12.3963 0.142857 8.57449e-17 0 1 0
-3.95 -27.6507 0.0014 12.1963 0.142857 -3.02152e-16 0 1 0
-3.9 -27.3007 0.0014 11.9963 0.142857 3.87835e-17 0 1 0
-3.85 -26.9507 0.0014 11.7963 0.142857 1.01896e-17 0 1 0
-3.8 -26.6007 0.0014 11.5963 0.142857 3.76683e-17 0 1 0
-3.75 -26.2507 0.0014 11.3963 0.142857 -4.85723e-17 0 1 0
-3.7 -25.9007 0.0014 11.1963 0.142857 -1.29175e-17 0 1 0
-3.65 -25.5507 0.0014 10.9963 0.142857 1.32025e-16 0 1 0
-3.6 -25.2007 0.0014 10.7963 0.142857 -6.26669e-17 0 1 0
-3.55 -24.8507 0.0014 10.5963 0.142857 -8.25852e-17 0 1 0
-3.5 -24.5007 0.0014 10.3963 0.142857 -3.55309e-17 0 1 0
-3.45 -24.1507 0.0014 10.1963 0.142857 1.03402e-16 0 1 0
-3.4 -23.8007 0.0014 9.99632 0.142857 -4.74571e-17 0 1 0
-3.35 -23.4507 0.0014 9.79632 0.142857 9.07013e-17 0 1 0
-3.3 -23.1007 0.0014 9.59632 0.142857 -7.15883e-17 0 1 0
-3.25 -22.7507 0.0014 9.39632 0.142857 2.22378e-17 0 1 0
-3.2 -22.4007 0.0014 9.19632 0.142857 -1.48691e-18 0 1 0
-3.15 -22.0507 0.0014 8.99632 0.142857 -7.02215e-18 0 1 0
-3.1 -21.7007 0.0014 8.79632 0.142857 5.35286e-17 0 1 0
-3.05 -21.3507 0.0014 8.59632 0.142857 5.27852e-17 0 1 0
-3 -21.0007 0.0014 8.39632 0.142857 3.29597e-17 0 1 0
-2.95 -20.6507 0.0014 8.19632 0.142857 -1.28865e-17 0 1 0
-2.9 -20.3007 0.0014 7.99632 0.142857 2.41932e-17 0 1 0
-2.85 -19.9507 0.0014 7.79632 0.142857 3.49423e-17 0 1 0
-2.8 -19.6007 0.0014 7.59632 0.142857 2.34633e-17 0 1 0
-2.75 -19.2507 0.0014 7.39632 0.142857 7.22388e-17 0 1 0
-2.7 -18.9007 0.0014 7.19632 0.142857 -5.85779e-17 0 1 0
-2.65 -18.5507 0.0014 6.99632 0.142857 2.9131e-16 0 1 0
-2.6 -18.2007 0.0014 6.79632 0.142857 6.80027e-17 0 1 0
-2.55 -17.8507 0.0014 6.59632 0.142857 -6.93889e-18 0 1 0
-2.5 -17.5007 0.0014 6.39632 0.142857 2.8499e-18 0 1 0
-2.45 -17.1507 0.0014 6.19632 0.142857 6.02197e-17 0 1 0
-2.4 -16.8007 0.0014 5.99632 0.142857 1.06368e-17 0 1 0
-2.35 -16.4507 0.0014 5.79632 0.142857 -3.98522e-17 0 1 0
-2.3 -16.1007 0.0014 5.59632 0.142857 3.65531e-18 0 1 0
-2.25 -15.7507 0.0014 5.39632 0.142857 1.14306e-16 0 1 0
-2.2 -15.4007 0.0014 5.19632 0.142857 -4.32229e-18 0 1 0
-2.15 -15.0507 0.0014 4.99632 0.142857 -2.01662e-17 0 1 0
-2.1 -14.7007 0.0014 4.79632 0.142857 3.32076e-17 0 1 0
-2.05 -14.3507 0.0014 4.59632 0.142857 9.60293e-18 0 1 0
-2 -14.0007 0.0014 4.39632 0.142857 1.10527e-16 0 1 0
-1.95 -13.6507 0.0014 4.19632 0.142857 -9.52549e-17 0 1 0
-1.9 -13.3007 0.0014 3.99632 0.142857 4.55984e-17 0 1 0
-1.85 -12.9507 0.0014 3.79632 0.142857 6.3813e-18 0 1 0
-1.8 -12.6007 0.0014 3.59632 0.142857 3.5757e-17 0 1 0
-1.75 -12.2507 0.0014 3.39632 0.142857 -5.08026e-18 0 1 0
-1.7 -11.9007 0.0014 3.19632 0.142857 -7.55844e-18 0 1 0
-1.65 -11.5507 0.0014 2.99632 0.142857 2.647e-17 0 1 0
-1.6 -11.2007 0.0014 2.79632 0.142857 7.83104e-17 0 1 0
-1.55 -10.8507 0.0014 2.59632 0.142857 3.44467e-17 0 1 0
-1.5 -10.5007 0.0014 2.39632 0.142857 3.34554e-18 0 1 0
-1.45 -10.1507 0.0014 2.19632 0.142857 2.83132e-17 0 1 0
-1.4 -9.8007 0.0014 1.99632 0.142857 -1.73472e-17 0 1 0
-1.35 -9.4507 0.0014 1.79632 0.142857 9.11969e-17 0 1 0
-1.3 -9.1007 0.0014 1.59632 0.142857 -6.93889e-18 0 1 0
-1.25 -8.7507 0.0014 1.39632 0.142857 1.96179e-16 0 1 0
-1.2 -8.4007 0.0014 1.19632 0.142857 -8.67362e-19 0 1 0
-1.15 -8.0507 0.0014 0.996325 0.142857 -1.83385e-17 0 1 0
-1.1 -7.7007 0.0014 0.796325 0.142857 -1.58255e-17 0 1 0
-1.05 -7.3507 0.0014 0.596325 0.142857 -1.64551e-16 0 1 0
-1 -7.0007 0.0014 0.396325 0.142857 -9.88994e-15 0 1 0
-0.95 -6.6507 0.0014 0.196325 0.142857 1.01668e-13 0 1 0
-0.9 -6.30785 4.44089e-15 0.0002 0.00786876 1.07677e-09 0 0.142857 0
-0.85 -6.36167 8.88178e-16 0.0002 0.0466777 4.0117e-11 0 0.142857 0
-0.8 -6.42252 3.55271e-15 0.0002 0.0494161 -6.1377e-12 0 0.142857 0
-0.75 -6.48999 7.99361e-15 0.0002 0.0658802 -2.3976e-13 0 0.142857 0
-0.7 -6.56368 8.88178e-15 0.0002 0.0870617 3.92026e-14 0 0.142857 0
-0.65 -6.64321 6.21725e-15 0.0002 -0.0134432 -6.8438e-15 0 0.142857 0
-0.6 -6.72825 3.55271e-15 0.0002 -0.0220181 1.61456e-10 0 0.142857 0
-0.55 -6.81851 8.88178e-16 0.0002 -0.0780988 1.17611e-12 0 0.142857 0
-0.5 -6.91373 1.06581e-14 0.0002 0.0396724 1.37844e-12 0 0.142857 0
-0.45 -7.01366 2.66454e-15 0.0002 0.0888521 1.15571e-13 0 0.142857 0
-0.4 -7.1181 1.42109e-14 0.0002 0.120212 1.86969e-12 0 0.142857 0
-0.35 -7.22688 1.77636e-15 0.0002 -0.108268 1.05209e-11 0 0.142857 0
-0.3 -7.33982 1.77636e-14 0.0002 -0.105854 8.25796e-13 0 0.142857 0
-0.25 -7.45679 8.88178e-16 0.0002 0.14257 1.06733e-11 0 0.142857 0
-0.2 -7.57766 2.13163e-14 0.0002 -0.120748 5.69891e-13 0 0.142857 0
-0.15 -7.70231 1.42109e-14 0.0002 -0.115115 1.01933e-10 0 0.142857 0
-0.1 -7.83063 7.19425e-14 0.0002 0.130765 3.88875e-12 0 0.142857 0
-0.05 -7.96254 6.67022e-13 0.0002 0.168303 1.3913e-12 0 0.142857 0
7.64666e-15 -8.09793 5.32907e-15 0.0002 -0.138108 3.89904e-13 0 0.142857 0
0.05 -8.23674 3.94351e-13 0.0002 -0.144684 -2.07082e-12 0 0.142857 0
0.1 -8.37886 1.77636e-15 0.0002 0.0269657 -6.6727e-12 0 0.142857 0
0.15 -8.52423 4.26326e-14 0.0002 0.0844377 3.31191e-12 0 0.142857 0
0.2 -8.67277 0 0.0002 -0.0239075 -4.01531e-12 0 0.142857 0
0.25 -8.8244 1.06581e-14 0.0002 0.194643 1.20556e-11 0 0.142857 0
0.3 -8.97905 1.77636e-15 0.0002 0.0651096 5.74747e-12 0 0.142857 0
0.35 -9.13666 7.10543e-15 0.0002 0.180955 4.28302e-11 0 0.142857 0
0.4 -9.29713 9.59233e-14 0.0002 0.180869 -4.08361e-12 0 0.142857 0
0.45 -9.46041 1.27898e-13 0.0002 0.203249 -1.20134e-12 0 0.142857 0
0.5 -9.62643 5.32907e-15 0.0002 0.236141 5.89868e-11 0 0.142857 0
0.55 -9.79509 1.42109e-14 0.0002 0.18036 -9.62119e-12 0 0.142857 0
0.6 -9.96635 5.32907e-15 0.0002 -0.18941 -7.07345e-13 0 0.142857 0
0.65 -10.1401 1.52767e-13 0.0002 -0.221995 4.52438e-13 0 0.142857 0
0.7 -10.3163 1.77636e-15 0.0002 -0.176062 -7.04217e-12 0 0.142857 0
0.75 -10.4949 8.88178e-15 0.0002 0.106886 -2.18974e-12 0 0.142857 0
0.8 -10.6758 1.77636e-15 0.0002 -0.0261334 2.25825e-12 0 0.142857 0
0.85 -10.8589 6.92779e-14 0.0002 0.274469 4.1377e-13 0 0.142857 0
0.9 -11.0441 2.84217e-14 0.0002 0.288022 4.4611e-12 0 0.142857 0
0.95 -11.2315 3.55271e-15 0.0002 0.29957 2.81496e-13 0 0.142857 0
1 -11.4208 1.77636e-15 0.0002 -0.0960734 -8.45481e-13 0 0.142857 0
1.05 -11.6121 7.10543e-15 0.0002 -0.278622 -2.54358e-11 0 0.142857 0
1.1 -11.8053 1.77636e-15 0.0002 -0.0827027 -2.04336e-12 0 0.142857 0
1.15 -12.0003 1.42109e-14 0.0002 -0.0612121 1.98962e-12 0 0.142857 0
1.2 -12.1971 1.77636e-15 0.0002 -0.291773 1.42511e-13 0 0.142857 0
1.25 -12.3956 1.59872e-14 0.0002 0.185134 -2.70081e-13 0 0.142857 0
1.3 -12.5957 5.32907e-15 0.0002 0.100501 -1.94677e-11 0 0.142857 0
1.35 -12.7974 3.55271e-15 0.0002 0.00814703 5.96581e-11 0 0.142857 0
1.4 -13.0006 1.42109e-14 0.0002 0.098101 -6.08029e-12 0 0.142857 0
1.45 -13.2052 8.88178e-15 0.0002 0.209828 -4.9096e-11 0 0.142857 0
1.5 -13.4113 1.59872e-14 0.0002 -0.260876 2.37556e-12 0 0.142857 0
1.55 -13.6187 4.79616e-14 0.0002 0.326271 5.43859e-12 0 0.142857 0
1.6 -13.8275 8.88178e-15 0.0002 -0.315435 -9.05697e-13 0 0.142857 0
1.65 -14.0375 1.06581e-14 0.0002 0.188672 -1.29987e-10 0 0.142857 0
1.7 -14.2487 7.10543e-14 0.0002 0.358285 1.96766e-12 0 0.142857 0
1.75 -14.4611 7.10543e-15 0.0002 0.354808 1.06236e-11 0 0.142857 0
1.8 -14.6746 5.50671e-14 0.0002 -0.320411 -1.48287e-11 0 0.142857 0
1.85 -14.8892 7.10543e-15 0.0002 -0.281841 2.15817e-12 0 0.142857 0
1.9 -15.1048 5.32907e-15 0.0002 0.310684 8.53546e-12 0 0.142857 0
1.95 -15.3214 7.10543e-14 0.0002 0.367531 -1.03502e-11 0 0.142857 0
2 -15.539 7.10543e-15 0.0002 0.020813 -8.74831e-12 0 0.142857 0
2.05 -15.7576 7.10543e-15 0.0002 -0.320357 6.22802e-13 0 0.142857 0
2.1 -15.977 8.88178e-15 0.0002 0.345073 -1.99785e-12 0 0.142857 0
2.15 -16.1973 2.13163e-14 0.0002 0.353918 -3.30234e-13 0 0.142857 0
2.2 -16.4184 2.4869e-14 0.0002 0.095085 -6.56523e-12 0 0.142857 0
2.25 -16.6404 7.10543e-15 0.0002 0.162876 4.49039e-12 0 0.142857 0
2.3 -16.8631 3.55271e-15 0.0002 0.334061 5.36073e-12 0 0.142857 0
2.35 -17.0865 1.42109e-14 0.0002 0.364155 -1.54402e-12 0 0.142857 0
2.4 -17.3107 1.77636e-14 0.0002 -0.137644 -6.71508e-13 0 0.142857 0
2.45 -17.5356 1.42109e-14 0.0002 0.378892 -7.67126e-12 0 0.142857 0
2.5 -17.7611 3.55271e-15 0.0002 0.119415 -3.0483e-12 0 0.142857 0
2.55 -17.9873 1.42109e-14 0.0002 0.0124473 4.30913e-13 0 0.142857 0
2.6 -18.2141 3.55271e-15 0.0002 -0.301203 -1.93516e-11 0 0.142857 0
2.65 -18.4415 1.06581e-14 0.0002 -0.336425 -2.20007e-12 0 0.142857 0
2.7 -18.6694 1.77636e-14 0.0002 0.349736 1.70148e-12 0 0.142857 0
2.75 -18.898 3.55271e-15 0.0002 -0.353169 1.08261e-12 0 0.142857 0
2.8 -19.127 2.13163e-14 0.0002 -0.354281 -1.91403e-12 0 0.142857 0
2.85 -19.3566 2.84217e-14 0.0002 0.387015 -2.14962e-12 0 0.142857 0
2.9 -19.5867 1.77636e-14 0.0002 0.396355 2.43856e-12 0 0.142857 0
2.95 -19.8173 3.55271e-14 0.0002 0.0373287 8.26285e-13 0 0.142857 0
3 -20.0484 0 0.0002 -0.0418743 -1.95918e-12 0 0.142857 0
3.05 -20.2799 3.19744e-14 0.0002 0.282012 6.66549e-13 0 0.142857 0
3.1 -20.5118 3.55271e-15 0.0002 0.0997695 -4.34157e-12 0 0.142857 0
3.15 -20.7442 1.06581e-14 0.0002 0.339522 -8.22354e-14 0 0.142857 0
3.2 -20.977 1.06581e-14 0.0002 -0.062664 1.64321e-12 0 0.142857 0
3.25 -21.2101 1.77636e-14 0.0002 0.194414 -6.42035e-13 0 0.142857 0
3.3 -21.4437 2.13163e-14 0.0002 0.341134 -6.27946e-13 0 0.142857 0
3.35 -21.6776 3.55271e-15 0.0002 -0.359949 -1.05374e-12 0 0.142857 0
3.4 -21.9119 7.10543e-15 0.0002 -0.262492 2.01379e-12 0 0.142857 0
3.45 -22.1466 1.77636e-14 0.0002 -0.169461 -2.13225e-12 0 0.142857 0
3.5 -22.3816 7.10543e-15 0.0002 -0.340327 -1.91701e-13 0 0.142857 0
3.55 -22.6169 7.10543e-15 0.0002 0.0327885 2.4665e-11 0 0.142857 0
3.6 -22.8525 2.13163e-14 0.0002 0.147298 -2.30341e-11 0 0.142857 0
3.65 -23.0884 2.4869e-14 0.0002 0.279478 -1.8269e-12 0 0.142857 0
3.7 -23.3247 3.55271e-15 0.0002 -0.00803938 -2.15969e-12 0 0.142857 0
3.75 -23.5612 1.77636e-14 0.0002 0.244767 3.69746e-12 0 0.142857 0
3.8 -23.798 1.77636e-14 0.0002 0.107168 -6.74428e-12 0 0.142857 0
3.85 -24.0351 4.9738e-14 0.0002 -0.304999 4.26458e-13 0 0.142857 0
3.9 -24.2725 3.90799e-14 0.0002 0.0246256 2.47328e-11 0 0.142857 0
3.95 -24.5101 1.06581e-14 0.0002 -0.238532 -2.82931e-12 0 0.142857 0
4 -24.7479 1.06581e-14 0.0002 0.0279625 3.78496e-13 0 0.142857 0
4.05 -24.986 1.06581e-14 0.0002 0.405152 -6.40925e-13 0 0.142857 0
4.1 -25.2244 3.90799e-14 0.0002 0.328416 -6.37165e-12 0 0.142857 0
4.15 -25.4629 3.55271e-15 0.0002 -0.298273 -1.10938e-12 0 0.142857 0
4.2 -25.7017 7.10543e-15 0.0002 -0.356793 -2.38149e-12 0 0.142857 0
4.25 -25.9407 1.77636e-14 0.0002 -0.349255 -1.59098e-12 0 0.142857 0
4.3 -26.1799 7.10543e-15 0.0002 0.314444 8.46015e-13 0 0.142857 0
4.35 -26.4193 2.13163e-14 0.0002 -0.350085 4.09213e-12 0 0.142857 0
4.4 -26.659 1.06581e-14 0.0002 0.30593 1.72368e-12 0 0.142857 0
4.45 -26.8988 1.42109e-14 0.0002 0.0954128 3.66137e-12 0 0.142857 0
4.5 -27.1388 0 0.0002 0.154671 1.14412e-11 0 0.142857 0
4.55 -27.379 7.10543e-15 0.0002 -0.138647 1.37381e-11 0 0.142857 0
4.6 -27.6193 2.4869e-14 0.0002 -0.364845 -1.35849e-11 0 0.142857 0
4.65 -27.8599 3.55271e-15 0.0002 -0.325447 -2.22027e-12 0 0.142857 0
4.7 -28.1006 1.77636e-14 0.0002 -0.376087 6.15052e-12 0 0.142857 0
4.75 -28.3414 3.90799e-14 0.0002 -0.360485 6.92361e-13 0 0.142857 0
4.8 -28.5825 2.13163e-14 0.0002 -0.0325338 -2.54721e-12 0 0.142857 0
4.85 -28.8237 1.42109e-14 0.0002 -0.271143 2.16213e-12 0 0.142857 0
4.9 -29.065 1.42109e-14 0.0002 -0.135544 1.58785e-12 0 0.142857 0
4.95 -29.3065 0 0.0002 -0.0998854 6.30529e-13 0 0.142857 0
5 -29.5481 1.06581e-14 0.0002 -0.263301 3.00517e-13 0 0.142857 0
5.05 -29.7899 3.19744e-14 0.0002 0.242096 5.02577e-12 0 0.142857 0
5.1 -30.0318 7.10543e-15 0.0002 0.4175 -1.9453e-12 0 0.142857 0
5.15 -30.2739 1.06581e-14 0.0002 0.0434723 -7.18564e-12 0 0.142857 0
5.2 -30.5161 3.55271e-15 0.0002 -0.256598 -1.00375e-13 0 0.142857 0
5.25 -30.7584 1.77636e-14 0.0002 0.0444732 5.64464e-12 0 0.142857 0
5.3 -31.0008 1.06581e-14 0.0002 -0.335676 1.52454e-12 0 0.142857 0
5.35 -31.2434 3.55271e-15 0.0002 0.377242 -1.71914e-12 0 0.142857 0
5.4 -31.4861 2.84217e-14 0.0002 -0.336816 3.71429e-12 0 0.142857 0
5.45 -31.7289 2.4869e-14 0.0002 0.0935336 2.30065e-12 0 0.142857 0
5.5 -31.9718 1.77636e-14 0.0002 -0.228757 1.10986e-12 0 0.142857 0
5.55 -32.2148 0 0.0002 0.065091 -9.80317e-12 0 0.142857 0
5.6 -32.4579 0 0.0002 -0.362427 2.51718e-13 0 0.142857 0
5.65 -32.7012 2.84217e-14 0.0002 0.25223 -6.57988e-13 0 0.142857 0
5.7 -32.9445 2.13163e-14 0.0002 0.164327 -2.42933e-12 0 0.142857 0
5.75 -33.188 1.42109e-14 0.0002 0.380468 -2.44505e-11 0 0.142857 0
5.8 -33.4315 1.42109e-14 0.0002 -0.357457 3.74162e-12 0 0.142857 0
5.85 -33.6752 1.42109e-14 0.0002 -0.373519 -1.95284e-11 0 0.142857 0
5.9 -33.9189 2.13163e-14 0.0002 -0.381008 7.67058e-12 0 0.142857 0
5.95 -34.1627 1.42109e-14 0.0002 0.42207 -3.21641e-12 0 0.142857 0
6 -34.4066 7.10543e-15 0.0002 0.415321 1.5664e-12 0 0.142857 0
6.05 -34.6507 1.42109e-14 0.0002 0.418744 8.74831e-12 0 0.142857 0
6.1 -34.8947 7.10543e-15 0.0002 -0.319736 1.22843e-12 0 0.142857 0
6.15 -35.1389 2.13163e-14 0.0002 -0.194393 7.67622e-12 0 0.142857 0
6.2 -35.3832 2.84217e-14 0.0002 -0.376911 5.02712e-12 0 0.142857 0
6.25 -35.6275 7.10543e-15 0.0002 0.405253 -2.36091e-14 0 0.142857 0
6.3 -35.872 2.13163e-14 0.0002 0.394221 -2.06104e-12 0 0.142857 0
6.35 -36.1165 1.42109e-14 0.0002 -0.368162 7.51835e-12 0 0.142857 0
6.4 -36.3611 3.55271e-14 0.0002 -0.0882512 7.14378e-12 0 0.142857 0
6.45 -36.6057 4.26326e-14 0.0002 -0.135319 -1.39383e-11 0 0.142857 0
6.5 -36.8505 1.42109e-14 0.0002 -0.231924 1.23304e-11 0 0.142857 0
6.55 -37.0953 4.26326e-14 0.0002 0.262465 -4.25603e-12 0 0.142857 0
6.6 -37.3401 2.13163e-14 0.0002 -0.00801548 1.32507e-12 0 0.142857 0
6.65 -37.5851 7.10543e-15 0.0002 -0.0596594 -5.09681e-13 0 0.142857 0
6.7 -37.8301 3.55271e-14 0.0002 -0.343059 -1.91734e-12 0 0.142857 0
6.75 -38.0752 3.55271e-14 0.0002 -0.0591099 7.73715e-12 0 0.142857 0
6.8 -38.3203 0 0.0002 -0.308524 -6.6509e-12 0 0.142857 0
6.85 -38.5655 2.13163e-14 0.0002 0.35072 2.33213e-12 0 0.142857 0
6.9 -38.8108 4.9738e-14 0.0002 -0.156545 -2.66452e-12 0 0.142857 0
6.95 -39.0561 2.84217e-14 0.0002 0.412759 6.06349e-12 0 0.142857 0
7 -39.3015 2.84217e-14 0.0002 0.0548443 7.6994e-13 0 0.142857 0
7.05 -39.547 4.26326e-14 0.0002 0.42372 -2.15756e-12 0 0.142857 0
7.1 -39.7925 7.10543e-15 0.0002 -0.281921 -4.9464e-12 0 0.142857 0
7.15 -40.038 4.26326e-14 0.0002 0.413699 -2.427e-12 0 0.142857 0
7.2 -40.2837 2.13163e-14 0.0002 0.383715 -1.09272e-11 0 0.142857 0
7.25 -40.5293 4.26326e-14 0.0002 -0.0754136 6.97097e-12 0 0.142857 0
7.3 -40.7751 2.84217e-14 0.0002 0.403686 2.22091e-12 0 0.142857 0
7.35 -41.0209 4.26326e-14 0.0002 0.420958 1.30706e-12 0 0.142857 0
7.4 -41.2667 1.42109e-14 0.0002 0.230353 -4.74921e-12 0 0.142857 0
7.45 -41.5126 0 0.0002 0.365291 3.49924e-12 0 0.142857 0
7.5 -41.7585 2.13163e-14 0.0002 0.420742 -2.44364e-12 0 0.142857 0
7.55 -42.0045 7.10543e-15 0.0002 -0.0044008 -1.27656e-11 0 0.142857 0
7.6 -42.2506 2.84217e-14 0.0002 0.410853 1.58963e-11 0 0.142857 0
7.65 -42.4966 3.55271e-14 0.0002 -0.382232 1.97465e-12 0 0.142857 0
7.7 -42.7428 5.68434e-14 0.0002 0.052143 -2.4717e-11 0 0.142857 0
7.75 -42.9889 0 0.0002 -0.372087 -9.01727e-12 0 0.142857 0
7.8 -43.2352 3.55271e-14 0.0002 -0.343823 -2.0921e-11 0 0.142857 0
7.85 -43.4814 2.84217e-14 0.0002 -0.25412 -2.12534e-13 0 0.142857 0
7.9 -43.7277 2.13163e-14 0.0002 -0.385744 -1.71448e-11 0 0.142857 0
7.95 -43.9741 3.55271e-14 0.0002 -0.229142 4.63873e-12 0 0.142857 0
8 -44.2205 2.13163e-14 0.0002 -0.130879 1.0152e-13 0 0.142857 0
8.05 -44.4669 1.42109e-14 0.0002 -0.0160769 3.55531e-12 0 0.142857 0
8.1 -44.7134 7.10543e-15 0.0002 0.0334669 1.32015e-11 0 0.142857 0
8.15 -44.9599 5.68434e-14 0.0002 -0.355817 1.84485e-11 0 0.142857 0
8.2 -45.2065 2.84217e-14 0.0002 0.39202 2.69352e-12 0 0.142857 0
8.25 -45.453 1.42109e-14 0.0002 0.399298 -1.3306e-12 0 0.142857 0
8.3 -45.6997 3.55271e-14 0.0002 0.415701 1.08734e-11 0 0.142857 0
8.35 -45.9463 7.81597e-14 0.0002 -0.382658 -2.1821e-12 0 0.142857 0
8.4 -46.1931 5.68434e-14 0.0002 -0.214668 5.83823e-12 0 0.142857 0
8.45 -46.4398 2.84217e-14 0.0002 0.405958 1.19819e-11 0 0.142857 0
8.5 -46.6866 7.10543e-15 0.0002 -0.333693 8.55235e-12 0 0.142857 0
8.55 -46.9334 1.42109e-14 0.0002 -0.374287 -2.70745e-12 0 0.142857 0
8.6 -47.1802 0 0.0002 -0.37378 1.08464e-11 0 0.142857 0
8.65 -47.4271 1.42109e-14 0.0002 0.350687 1.39941e-11 0 0.142857 0
8.7 -47.674 6.39488e-14 0.0002 0.262856 2.96562e-12 0 0.142857 0
8.75 -47.921 2.84217e-14 0.0002 -0.384461 1.16787e-11 0 0.142857 0
8.8 -48.1679 6.39488e-14 0.0002 -0.364795 3.1237e-12 0 0.142857 0
8.85 -48.415 2.84217e-14 0.0002 -0.324235 -1.2714e-11 0 0.142857 0
8.9 -48.662 7.10543e-15 0.0002 -0.34388 1.41513e-11 0 0.142857 0
8.95 -48.9091 7.81597e-14 0.0002 0.165397 2.36274e-11 0 0.142857 0
9 -49.1562 7.10543e-15 0.0002 0.260225 -1.3399e-10 0 0.142857 0
9.05 -49.4033 1.42109e-14 0.0002 -0.1045 6.30352e-10 0 0.142857 0
9.1 -49.6505 0 0.0002 0.130074 -6.65987e-12 0 0.142857 0
9.15 -49.8977 0 0.0002 -0.297893 1.09188e-11 0 0.142857 0
9.2 -50.1449 4.9738e-14 0.0002 -0.205559 6.83163e-13 0 0.142857 0
9.25 -50.3921 2.84217e-14 0.0002 -0.186151 -7.76178e-13 0 0.142857 0
9.3 -50.6394 6.39488e-14 0.0002 0.21256 -2.66987e-11 0 0.142857 0
9.35 -50.8867 2.13163e-14 0.0002 -0.36005 2.8757e-12 0 0.142857 0
9.4 -51.134 4.9738e-14 0.0002 0.428325 1.03088e-11 0 0.142857 0
9.45 -51.3814 4.26326e-14 0.0002 0.406469 -5.22555e-10 0 0.142857 0
9.5 -51.6288 2.13163e-14 0.0002 0.405694 2.56207e-12 0 0.142857 0
9.55 -51.8762 3.55271e-14 0.0002 0.0226623 -3.1165e-12 0 0.142857 0
9.6 -52.1236 7.81597e-14 0.0002 -0.292943 1.20203e-11 0 0.142857 0
9.65 -52.3711 4.26326e-14 0.0002 -0.37808 -1.36881e-13 0 0.142857 0
9.7 -52.6185 2.13163e-14 0.0002 -0.102956 1.48062e-11 0 0.142857 0
9.75 -52.866 7.10543e-15 0.0002 -0.285391 -7.45432e-13 0 0.142857 0
9.8 -53.1136 5.68434e-14 0.0002 0.035402 9.40766e-13 0 0.142857 0
9.85 -53.3611 2.13163e-14 0.0002 0.12856 1.55937e-11 0 0.142857 0
9.9 -53.6087 7.81597e-14 0.0002 -0.368881 -2.34866e-12 0 0.142857 0
9.95 -53.8563 7.10543e-15 0.0002 -0.387464 -5.65221e-12 0 0.142857 0
