-10 -40.0004 0.0008 36.0002 0 2.1684e-17 0 1 0
-9.95 -39.8004 0.0008 35.8002 0 -1.73472e-17 0 1 0
-9.9 -39.6004 0.0008 35.6002 0 -1.84314e-17 0 1 0
-9.85 -39.4004 0.0008 35.4002 0 -5.20417e-17 0 1 0
-9.8 -39.2004 0.0008 35.2002 0 -3.81639e-17 0 1 0
-9.75 -39.0004 0.0008 35.0002 0 -6.16369e-17 0 1 0
-9.7 -38.8004 0.0008 34.8002 0 -5.37764e-17 0 1 0
-9.65 -38.6004 0.0008 34.6002 0 1.17094e-17 0 1 0
-9.6 -38.4004 0.0008 34.4002 0 3.81639e-17 0 1 0
-9.55 -38.2004 0.0008 34.2002 0 8.1532e-17 0 1 0
-9.5 -38.0004 0.0008 34.0002 0 -1.77484e-16 0 1 0
-9.45 -37.8004 0.0008 33.8002 0 -4.0766e-17 0 1 0
-9.4 -37.6004 0.0008 33.6002 0 1.04083e-17 0 1 0
-9.35 -37.4004 0.0008 33.4002 0 1.07092e-16 0 1 0
-9.3 -37.2004 0.0008 33.2002 0 1.38778e-17 0 1 0
-9.25 -37.0004 0.0008 33.0002 0 3.46945e-18 0 1 0
-9.2 -36.8004 0.0008 32.8002 0 1.73472e-18 0 1 0
-9.15 -36.6004 0.0008 32.6002 0 4.55365e-18 0 1 0
-9.1 -36.4004 0.0008 32.4002 0 -1.04813e-28 0 1 0
-9.05 -36.2004 0.0008 32.2002 0 -1.04083e-17 0 1 0
-9 -36.0004 0.0008 32.0002 0 -7.63278e-17 0 1 0
-8.95 -35.8004 0.0008 31.8002 0 1.64799e-17 0 1 0
-8.9 -35.6004 0.0008 31.6002 0 5.55112e-17 0 1 0
-8.85 -35.4004 0.0008 31.4002 0 6.15827e-17 0 1 0
-8.8 -35.2004 0.0008 31.2002 0 1.21431e-17 0 1 0
-8.75 -35.0004 0.0008 31.0002 0 -3.9465e-17 0 1 0
-8.7 -34.8004 0.0008 30.8002 0 4.33681e-19 0 1 0
-8.65 -34.6004 0.0008 30.6002 0 -6.93889e-17 0 1 0
-8.6 -34.4004 0.0008 30.4002 0 -2.48065e-16 0 1 0
-8.55 -34.2004 0.0008 30.2002 0 -1.04083e-17 0 1 0
-8.5 -34.0004 0.0008 30.0002 0 -1.2837e-16 0 1 0
-8.45 -33.8004 0.0008 29.8002 0 -1.38778e-17 0 1 0
-8.4 -33.6004 0.0008 29.6002 0 2.9924e-17 0 1 0
-8.35 -33.4004 0.0008 29.4002 0 1.92554e-16 0 1 0
-8.3 -33.2004 0.0008 29.2002 0 3.15774e-17 0 1 0
-8.25 -33.0004 0.0008 29.0002 0 -3.46945e-18 0 1 0
-8.2 -32.8004 0.0008 28.8002 0 -1.8735e-16 0 1 0
-8.15 -32.6004 0.0008 28.6002 0 -1.56125e-17 0 1 0
-8.1 -32.4004 0.0008 28.4002 0 -1.47451e-17 0 1 0
-8.05 -32.2004 0.0008 28.2002 0 6.07153e-17 0 1 0
-8 -32.0004 0.0008 28.0002 0 -1.04083e-16 0 1 0
-7.95 -31.8004 0.0008 27.8002 0 -5.55112e-17 0 1 0
-7.9 -31.6004 0.0008 27.6002 0 -6.67869e-17 0 1 0
-7.85 -31.4004 0.0008 27.4002 0 1.28803e-16 0 1 0
-7.8 -31.2004 0.0008 27.2002 0 1.38778e-17 0 1 0
-7.75 -31.0004 0.0008 27.0002 0 -1.38778e-17 0 1 0
-7.7 -30.8004 0.0008 26.8002 0 1.38778e-17 0 1 0
-7.65 -30.6004 0.0008 26.6002 0 -4.64039e-17 0 1 0
-7.6 -30.4004 0.0008 26.4002 0 -8.80372e-17 0 1 0
-7.55 -30.2004 0.0008 26.2002 0 1.38778e-17 0 1 0
-7.5 -30.0004 0.0008 26.0002 0 7.80626e-17 0 1 0
-7.45 -29.8004 0.0008 25.8002 0 -1.9082e-17 0 1 0
-7.4 -29.6004 0.0008 25.6002 0 -2.60209e-17 0 1 0
-7.35 -29.4004 0.0008 25.4002 0 -1.00831e-17 0 1 0
-7.3 -29.2004 0.0008 25.2002 0 1.53144e-17 0 1 0
-7.25 -29.0004 0.0008 25.0002 0 5.89806e-17 0 1 0
-7.2 -28.8004 0.0008 24.8002 0 1.23165e-16 0 1 0
-7.15 -28.6004 0.0008 24.6002 0 5.69206e-18 0 1 0
-7.1 -28.4004 0.0008 24.4002 0 -1.25767e-16 0 1 0
-7.05 -28.2004 0.0008 24.2002 0 6.41848e-17 0 1 0
-7 -28.0004 0.0008 24.0002 0 -3.46945e-17 0 1 0
-6.95 -27.8004 0.0008 23.8002 0 2.98698e-17 0 1 0
-6.9 -27.6004 0.0008 23.6002 0 8.67362e-18 0 1 0
-6.85 -27.4004 0.0008 23.4002 0 2.41127e-16 0 1 0
-6.8 -27.2004 0.0008 23.2002 0 6.28837e-17 0 1 0
-6.75 -27.0004 0.0008 23.0002 0 2.08167e-17 0 1 0
-6.7 -26.8004 0.0008 22.8002 0 -3.29597e-17 0 1 0
-6.65 -26.6004 0.0008 22.6002 0 -2.08167e-16 0 1 0
-6.6 -26.4004 0.0008 22.4002 0 1.04083e-17 0 1 0
-6.55 -26.2004 0.0008 22.2002 0 -1.12757e-16 0 1 0
-6.5 -26.0004 0.0008 22.0002 0 1.12757e-16 0 1 0
-6.45 -25.8004 0.0008 21.8002 0 2.24972e-17 0 1 0
-6.4 -25.6004 0.0008 21.6002 0 2.77556e-17 0 1 0
-6.35 -25.4004 0.0008 21.4002 0 -7.80626e-17 0 1 0
-6.3 -25.2004 0.0008 21.2002 0 6.59195e-17 0 1 0
-6.25 -25.0004 0.0008 21.0002 0 -2.53703e-17 0 1 0
-6.2 -24.8004 0.0008 20.8002 0 -1.45717e-16 0 1 0
-6.15 -24.6004 0.0008 20.6002 0 7.02563e-17 0 1 0
-6.1 -24.4004 0.0008 20.4002 0 4.51028e-17 0 1 0
-6.05 -24.2004 0.0008 20.2002 0 -4.51028e-17 0 1 0
-6 -24.0004 0.0008 20.0002 0 -1.73472e-17 0 1 0
-5.95 -23.8004 0.0008 19.8002 0 -3.25261e-16 0 1 0
-5.9 -23.6004 0.0008 19.6002 0 2.08167e-17 0 1 0
-5.85 -23.4004 0.0008 19.4002 0 3.46945e-17 0 1 0
-5.8 -23.2004 0.0008 19.2002 0 -1.18829e-16 0 1 0
-5.75 -23.0004 0.0008 19.0002 0 -2.08167e-16 0 1 0
-5.7 -22.8004 0.0008 18.8002 0 -8.67362e-18 0 1 0
-5.65 -22.6004 0.0008 18.6002 0 2.77556e-17 0 1 0
-5.6 -22.4004 0.0008 18.4002 0 -1.38778e-17 0 1 0
-5.55 -22.2004 0.0008 18.2002 0 -1.07553e-16 0 1 0
-5.5 -22.0004 0.0008 18.0002 0 5.20417e-18 0 1 0
-5.45 -21.8004 0.0008 17.8002 0 1.61329e-16 0 1 0
-5.4 -21.6004 0.0008 17.6002 0 2.1684e-17 0 1 0
-5.35 -21.4004 0.0008 17.4002 0 5.89806e-17 0 1 0
-5.3 -21.2004 0.0008 17.2002 0 -1.61329e-16 0 1 0
-5.25 -21.0004 0.0008 17.0002 0 -1.63064e-16 0 1 0
-5.2 -20.8004 0.0008 16.8002 0 -4.51028e-17 0 1 0
-5.15 -20.6004 0.0008 16.6002 0 2.96529e-17 0 1 0
-5.1 -20.4004 0.0008 16.4002 0 -8.67362e-18 0 1 0
-5.05 -20.2004 0.0008 16.2002 0 -1.53523e-16 0 1 0
-5 -20.0004 0.0008 16.0002 0 7.80626e-18 0 1 0
-4.95 -19.8004 0.0008 15.8002 0 -4.33681e-17 0 1 0
-4.9 -19.6004 0.0008 15.6002 0 -2.25514e-17 0 1 0
-4.85 -19.4004 0.0008 15.4002 0 -2.1684e-19 0 1 0
-4.8 -19.2004 0.0008 15.2002 0 3.46945e-18 0 1 0
-4.75 -19.0004 0.0008 15.0002 0 -1.63362e-16 0 1 0
-4.7 -18.8004 0.0008 14.8002 0 -2.25514e-17 0 1 0
-4.65 -18.6004 0.0008 14.6002 0 -3.46945e-17 0 1 0
-4.6 -18.4004 0.0008 14.4002 0 2.56089e-16 0 1 0
-4.55 -18.2004 0.0008 14.2002 0 7.97973e-17 0 1 0
-4.5 -18.0004 0.0008 14.0002 0 8.67362e-19 0 1 0
-4.45 -17.8004 0.0008 13.8002 0 1.09017e-16 0 1 0
-4.4 -17.6004 0.0008 13.6002 0 -1.00614e-16 0 1 0
-4.35 -17.4004 0.0008 13.4002 0 -5.89806e-17 0 1 0
-4.3 -17.2004 0.0008 13.2002 0 -1.56125e-17 0 1 0
-4.25 -17.0004 0.0008 13.0002 0 -8.45678e-17 0 1 0
-4.2 -16.8004 0.0008 12.8002 0 -3.46945e-18 0 1 0
-4.15 -16.6004 0.0008 12.6002 0 6.57027e-17 0 1 0
-4.1 -16.4004 0.0008 12.4002 0 1.04083e-17 0 1 0
-4.05 -16.2004 0.0008 12.2002 0 -9.49761e-17 0 1 0
-4 -16.0004 0.0008 12.0002 0 -1.8735e-16 0 1 0
-3.95 -15.8004 0.0008 11.8002 0 -1.59161e-16 0 1 0
-3.9 -15.6004 0.0008 11.6002 0 -2.08167e-17 0 1 0
-3.85 -15.4004 0.0008 11.4002 0 4.33681e-17 0 1 0
-3.8 -15.2004 0.0008 11.2002 0 1.73472e-17 0 1 0
-3.75 -15.0004 0.0008 11.0002 0 2.05131e-16 0 1 0
-3.7 -14.8004 0.0008 10.8002 0 9.02056e-17 0 1 0
-3.65 -14.6004 0.0008 10.6002 0 -3.40439e-17 0 1 0
-3.6 -14.4004 0.0008 10.4002 0 -2.77556e-17 0 1 0
-3.55 -14.2004 0.0008 10.2002 0 -6.93889e-18 0 1 0
-3.5 -14.0004 0.0008 10.0002 0 5.20417e-18 0 1 0
-3.45 -13.8004 0.0008 9.8002 0 3.46945e-17 0 1 0
-3.4 -13.6004 0.0008 9.6002 0 -5.20417e-18 0 1 0
-3.35 -13.4004 0.0008 9.4002 0 -4.55365e-18 0 1 0
-3.3 -13.2004 0.0008 9.2002 0 -3.64292e-17 0 1 0
-3.25 -13.0004 0.0008 9.0002 0 2.33307e-17 0 1 0
-3.2 -12.8004 0.0008 8.8002 0 1.17961e-16 0 1 0
-3.15 -12.6004 0.0008 8.6002 0 -1.04083e-17 0 1 0
-3.1 -12.4004 0.0008 8.4002 0 3.98986e-17 0 1 0
-3.05 -12.2004 0.0008 8.2002 0 -1.73472e-18 0 1 0
-3 -12.0004 0.0008 8.0002 0 -1.30104e-18 0 1 0
-2.95 -11.8004 0.0008 7.8002 0 1.04083e-17 0 1 0
-2.9 -11.6004 0.0008 7.6002 0 1.96024e-16 0 1 0
-2.85 -11.4004 0.0008 7.4002 0 -2.31697e-29 0 1 0
-2.8 -11.2004 0.0008 7.2002 0 2.38524e-17 0 1 0
-2.75 -11.0004 0.0008 7.0002 0 1.18829e-16 0 1 0
-2.7 -10.8004 0.0008 6.8002 0 -5.14996e-18 0 1 0
-2.65 -10.6004 0.0008 6.6002 0 3.1225e-17 0 1 0
-2.6 -10.4004 0.0008 6.4002 0 1.9082e-17 0 1 0
-2.55 -10.2004 0.0008 6.2002 0 -9.71445e-17 0 1 0
-2.5 -10.0004 0.0008 6.0002 0 -1.99493e-17 0 1 0
-2.45 -9.8004 0.0008 5.8002 0 -5.55112e-17 0 1 0
-2.4 -9.6004 0.0008 5.6002 0 -1.2837e-16 0 1 0
-2.35 -9.4004 0.0008 5.4002 0 2.84495e-16 0 1 0
-2.3 -9.2004 0.0008 5.2002 0 -3.48679e-16 0 1 0
-2.25 -9.0004 0.0008 5.0002 0 -2.08167e-17 0 1 0
-2.2 -8.8004 0.0008 4.8002 0 1.83881e-16 0 1 0
-2.15 -8.6004 0.0008 4.6002 0 -1.09288e-16 0 1 0
-2.1 -8.4004 0.0008 4.4002 0 -3.46945e-18 0 1 0
-2.05 -8.2004 0.0008 4.2002 0 1.53957e-17 0 1 0
-2 -8.0004 0.0008 4.0002 0 2.74086e-16 0 1 0
-1.95 -7.8004 0.0008 3.8002 0 3.46945e-17 0 1 0
-1.9 -7.6004 0.0008 3.6002 0 -2.59233e-16 0 1 0
-1.85 -7.4004 0.0008 3.4002 0 -1.18286e-16 0 1 0
-1.8 -7.2004 0.0008 3.2002 0 4.0251e-17 0 1 0
-1.75 -7.0004 0.0008 3.0002 0 4.77049e-18 0 1 0
-1.7 -6.8004 0.0008 2.8002 0 -1.12757e-16 0 1 0
-1.65 -6.6004 0.0008 2.6002 0 2.13371e-16 0 1 0
-1.6 -6.4004 0.0008 2.4002 0 8.84709e-17 0 1 0
-1.55 -6.2004 0.0008 2.2002 0 -1.11022e-16 0 1 0
-1.5 -6.0004 0.0008 2.0002 0 -1.73039e-16 0 1 0
-1.45 -5.8004 0.0008 1.8002 0 3.98986e-17 0 1 0
-1.4 -5.6004 0.0008 1.6002 0 9.36751e-17 0 1 0
-1.35 -5.4004 0.0008 1.4002 0 9.1073e-17 0 1 0
-1.3 -5.2004 0.0008 1.2002 0 -1.21431e-17 0 1 0
-1.25 -5.0004 0.0008 1.0002 0 -8.67362e-19 0 1 0
-1.2 -4.8004 0.0008 0.8002 0 1.00831e-17 0 1 0
-1.15 -4.6004 0.0008 0.6002 0 -7.02563e-17 0 1 0
-1.1 -4.4004 0.0008 0.4002 0 -1.37911e-16 0 1 0
-1.05 -4.2004 0.0008 0.2002 0 5.9848e-17 0 1 0
-1 -4.0004 0.0002 0.0004 0 -7.93636e-17 0 1 0
-0.95 -4.06741 0.0672115 0.0676115 -8.32667e-17 3.87419e-17 0 -1.38778e-17 0
-0.9 -4.13633 0.136129 0.136529 6.93889e-17 -6.56003e-17 0 1.60854e-30 0
-0.85 -4.20678 0.206576 0.206976 2.35922e-16 -5.7422e-17 0 1.38778e-17 0
-0.8 -4.27878 0.278575 0.278975 -2.77556e-17 -1.80194e-17 0 -1.38778e-17 0
-0.75 -4.35235 0.35215 0.35255 -1.249e-16 -3.13441e-19 0 2.93358e-30 0
-0.7 -4.42752 0.427321 0.427721 4.16334e-17 -2.92812e-17 0 -1.38778e-17 0
-0.65 -4.50431 0.504109 0.504509 8.32667e-17 1.16225e-16 0 -1.38778e-17 0
-0.6 -4.58273 0.582533 0.582933 9.71445e-17 -5.48063e-17 0 1.38778e-17 0
-0.55 -4.66281 0.662612 0.663012 -1.249e-16 -4.516e-17 0 1.38778e-17 0
-0.5 -4.74456 0.744363 0.744763 -2.91434e-16 4.06657e-17 0 1.38778e-17 0
-0.45 -4.828 0.827801 0.828201 -1.38778e-17 -2.17118e-17 0 1.85297e-31 0
-0.4 -4.91314 0.912943 0.913343 1.38778e-17 -1.85972e-16 0 1.38778e-17 0
-0.35 -5 0.9998 1.0002 -1.38778e-17 4.44766e-17 0 2.61926e-32 0
-0.3 -5.08859 1.08839 1.08879 -1.52656e-16 -3.24443e-17 0 1.38778e-17 0
-0.25 -5.17891 1.17871 1.17911 -1.11022e-16 3.84927e-18 0 -1.38778e-17 0
-0.2 -5.27098 1.27078 1.27118 1.249e-16 4.32945e-19 0 -1.38778e-17 0
-0.15 -5.3648 1.3646 1.365 1.52656e-16 5.70094e-19 0 -1.38778e-17 0
-0.1 -5.46039 1.46019 1.46059 1.11022e-16 2.72399e-17 0 -1.38778e-17 0
-0.05 -5.55774 1.55754 1.55794 1.80411e-16 -1.84397e-17 0 -3.08149e-33 0
7.64666e-15 -5.65685 1.65665 1.65705 -6.93889e-18 -2.64739e-17 0 -6.93889e-18 0
0.05 -5.75774 1.75754 1.75794 2.15106e-16 3.82282e-18 0 2.08167e-17 0
0.1 -5.86039 1.86019 1.86059 3.88578e-16 -6.90753e-18 0 -1.38778e-17 0
0.15 -5.9648 1.9646 1.965 -1.38778e-17 -7.57681e-17 0 2.77334e-32 0
0.2 -6.07098 2.07078 2.07118 1.17961e-16 -3.45036e-17 0 6.93889e-18 0
0.25 -6.17891 2.17871 2.17911 -9.71445e-17 -2.13321e-18 0 1.38778e-17 0
0.3 -6.28859 2.28839 2.28879 6.93889e-18 -6.4063e-18 0 2.08167e-17 0
0.35 -6.4 2.3998 2.4002 -3.67761e-16 2.39822e-18 0 -6.93889e-18 0
0.4 -6.51314 2.51294 2.51334 6.93889e-18 -3.27694e-18 0 2.08167e-17 0
0.45 -6.628 2.6278 2.6282 9.71445e-17 9.29462e-19 0 -1.38778e-17 0
0.5 -6.74456 2.74436 2.74476 1.249e-16 -1.14914e-17 0 -1.38778e-17 0
0.55 -6.86281 2.86261 2.86301 -2.91434e-16 -7.28338e-18 0 -1.38778e-17 0
0.6 -6.98273 2.98253 2.98293 -1.249e-16 1.02675e-18 0 -1.38778e-17 0
0.65 -7.10431 3.10411 3.10451 -1.52656e-16 -6.71453e-18 0 1.38778e-17 0
0.7 -7.22752 3.22732 3.22772 -1.11022e-16 -1.59418e-18 0 1.2326e-32 0
0.75 -7.35235 3.35215 3.35255 -6.16298e-33 -2.32933e-17 0 -1.38778e-17 0
0.8 -7.47878 3.47858 3.47898 1.66533e-16 8.76132e-18 0 1.38778e-17 0
0.85 -7.60678 3.60658 3.60698 3.88578e-16 -4.06262e-18 0 9.86076e-32 0
0.9 -7.73633 3.73613 3.73653 -1.11022e-16 -8.47896e-19 0 2.61926e-32 0
0.95 -7.86741 3.86721 3.86761 -2.91434e-16 -5.74854e-19 0 2.77556e-17 0
1 -8 3.9998 4 -4.996e-16 -2.15704e-32 0 0 0
1.05 -8.13407 3.93407 4.13387 1.38778e-17 -1.03742e-19 0 1.38778e-17 0
1.1 -8.2696 3.8696 4.2694 1.66533e-16 -4.12574e-19 0 0 0
1.15 -8.40655 3.80655 4.40635 1.249e-16 -8.36682e-19 0 1.38778e-17 0
1.2 -8.54492 3.74492 4.54472 -1.11022e-16 7.50095e-19 0 2.15704e-32 0
1.25 -8.68466 3.68466 4.68446 9.4369e-16 2.34984e-18 0 0 0
1.3 -8.82575 3.62575 4.82555 -2.91434e-16 -7.8838e-18 0 -1.38778e-17 0
1.35 -8.96817 3.56817 4.96797 1.66533e-16 -3.2481e-18 0 1.84889e-32 0
1.4 -9.11189 3.51189 5.11169 7.70372e-34 -1.84394e-18 0 0 0
1.45 -9.25689 3.45689 5.25669 1.54074e-33 1.70539e-18 0 7.70372e-33 0
1.5 -9.40312 3.40312 5.40292 -1.33227e-15 -3.46524e-18 0 0 0
1.55 -9.55058 3.35058 5.55038 4.44089e-16 3.74022e-18 0 0 0
1.6 -9.69923 3.29923 5.69903 9.29812e-16 -8.42305e-18 0 -1.38778e-17 0
1.65 -9.84905 3.24905 5.84885 -4.44089e-16 3.00412e-17 0 0 0
1.7 -10 3.2 5.9998 5.55112e-16 8.48781e-18 0 0 0
1.75 -10.1521 3.15207 6.15187 -1.80411e-16 -1.66951e-17 0 -1.38778e-17 0
1.8 -10.3052 3.10522 6.30502 2.05391e-15 -3.43138e-17 0 0 0
1.85 -10.4594 3.05944 6.45924 -1.66533e-16 4.37639e-18 0 0 0
1.9 -10.6147 3.01469 6.61449 6.66134e-16 -5.93299e-18 0 0 0
1.95 -10.771 2.97095 6.77075 5.55112e-16 -4.26053e-18 0 9.86076e-32 0
2 -10.9282 2.9282 6.928 -6.52256e-16 7.44315e-18 0 1.38778e-17 0
2.05 -11.0864 2.88642 7.08622 -5.27356e-16 2.05322e-18 0 2.77556e-17 0
2.1 -11.2456 2.84557 7.24537 7.21645e-16 3.85835e-17 0 4.93038e-32 0
2.15 -11.4056 2.80563 7.40543 1.72085e-15 -3.11717e-18 0 0 0
2.2 -11.5666 2.76659 7.56639 -2.94209e-15 4.12829e-17 0 0 0
2.25 -11.7284 2.72842 7.72822 -4.44089e-16 -3.0732e-18 0 0 0
2.3 -11.8911 2.69109 7.89089 -1.249e-16 6.35218e-17 0 -1.38778e-17 0
2.35 -12.0546 2.65459 8.05439 -4.57967e-16 -5.26403e-18 0 -1.38778e-17 0
2.4 -12.2189 2.61889 8.21869 5.55112e-16 7.8474e-17 0 4.93038e-32 0
2.45 -12.384 2.58398 8.38378 9.99201e-16 1.31454e-18 0 0 0
2.5 -12.5498 2.54983 8.54963 2.77556e-16 -2.92158e-17 0 0 0
2.55 -12.7164 2.51643 8.71623 2.77556e-16 -5.40379e-18 0 8.62817e-32 0
2.6 -12.8837 2.48375 8.88355 4.44089e-16 -2.34158e-17 0 0 0
2.65 -13.0518 2.45177 9.05157 1.55431e-15 -1.27964e-17 0 0 0
2.7 -13.2205 2.42049 9.22029 -3.19189e-16 -5.58875e-17 0 1.38778e-17 0
2.75 -13.3899 2.38987 9.38967 -4.44089e-16 -8.55093e-17 0 0 0
2.8 -13.5599 2.3599 9.5597 -1.54043e-15 1.18946e-18 0 1.38778e-17 0
2.85 -13.7306 2.33057 9.73037 -8.74301e-16 -4.14179e-18 0 1.38778e-17 0
2.9 -13.9019 2.30185 9.90165 -6.10623e-16 -7.52462e-17 0 0 0
2.95 -14.0737 2.27374 10.0735 4.44089e-16 -3.34003e-17 0 4.93038e-32 0
3 -14.2462 2.24621 10.246 -1.60982e-15 2.28057e-18 0 0 0
3.05 -14.4193 2.21925 10.4191 -6.10623e-16 -2.17006e-17 0 0 0
3.1 -14.5929 2.19285 10.5927 -4.84335e-15 9.62377e-18 0 -1.38778e-17 0
3.15 -14.767 2.16699 10.7668 2.05391e-15 -9.57962e-18 0 0 0
3.2 -14.9417 2.14166 10.9415 -8.74301e-16 -4.26367e-18 0 1.38778e-17 0
3.25 -15.1168 2.11684 11.1166 8.88178e-16 -1.11552e-17 0 0 0
3.3 -15.2925 2.09253 11.2923 -1.38778e-17 -2.0573e-18 0 -1.38778e-17 0
3.35 -15.4687 2.06869 11.4685 -2.91434e-16 -3.31997e-18 0 -1.38778e-17 0
3.4 -15.6453 2.04534 11.6451 -4.44089e-16 -1.12035e-17 0 0 0
3.45 -15.8224 2.02244 11.8222 1.11022e-16 3.1407e-18 0 0 0
3.5 -16 2 11.9998 -8.88178e-16 5.11743e-17 0 4.93038e-32 0
3.55 -16.178 1.978 12.1778 3.55271e-15 5.89705e-17 0 0 0
3.6 -16.3564 1.95642 12.3562 1.4988e-15 2.10253e-17 0 0 0
3.65 -16.5353 1.93526 12.5351 -8.88178e-16 -1.10175e-17 0 1.47911e-31 0
3.7 -16.7145 1.9145 12.7143 2.77556e-16 -7.26938e-18 0 0 0
3.75 -16.8941 1.89415 12.8939 9.99201e-16 -8.90986e-17 0 0 0
3.8 -17.0742 1.87418 13.074 1.22125e-15 2.47529e-17 0 0 0
3.85 -17.2546 1.85458 13.2544 -2.77556e-16 2.50068e-18 0 1.47911e-31 0
3.9 -17.4354 1.83535 13.4352 5.93969e-15 2.66769e-17 0 0 0
3.95 -17.6165 1.81648 13.6163 2.91434e-16 -5.35527e-17 0 1.38778e-17 0
4 -17.798 1.79796 13.7978 4.66294e-15 -7.23995e-17 0 0 0
4.05 -17.9798 1.77978 13.9796 -3.19189e-16 -8.59729e-17 0 1.38778e-17 0
4.1 -18.1619 1.76193 14.1617 3.9968e-15 -8.24008e-17 0 0 0
4.15 -18.3444 1.7444 14.3442 -3.88578e-15 -2.31345e-18 0 0 0
4.2 -18.5272 1.72719 14.527 -1.51268e-15 1.59983e-17 0 -1.38778e-17 0
4.25 -18.7103 1.71029 14.7101 1.33227e-15 -3.36056e-19 0 0 0
4.3 -18.8937 1.69369 14.8935 -1.66533e-16 -1.43129e-17 0 0 0
4.35 -19.0774 1.67738 15.0772 2.10942e-15 -7.85293e-18 0 0 0
4.4 -19.2614 1.66136 15.2612 -4.44089e-16 8.94534e-18 0 2.46519e-32 0
4.45 -19.4456 1.64562 15.4454 -4.44089e-16 -5.82334e-17 0 0 0
4.5 -19.6301 1.63015 15.6299 -6.93889e-15 -5.79605e-17 0 0 0
4.55 -19.8149 1.61494 15.8147 -1.66533e-15 -6.18904e-17 0 0 0
4.6 -20 1.6 15.9998 1.94289e-15 7.08198e-18 0 0 0
4.65 -20.1853 1.58531 16.1851 -8.74301e-16 9.65356e-17 0 1.38778e-17 0
4.7 -20.3709 1.57087 16.3707 -4.26048e-15 -4.09119e-17 0 1.38778e-17 0
4.75 -20.5567 1.55667 16.5565 2.55351e-15 -1.58931e-17 0 0 0
4.8 -20.7427 1.54271 16.7425 4.44089e-16 -2.05377e-17 0 0 0
4.85 -20.929 1.52898 16.9288 2.27596e-15 -7.35168e-17 0 0 0
4.9 -21.1155 1.51548 17.1153 1.22125e-15 1.19822e-17 0 0 0
4.95 -21.3022 1.50219 17.302 -4.01068e-15 1.11047e-17 0 -1.38778e-17 0
5 -21.4891 1.48913 17.4889 2.27596e-15 -3.89061e-17 0 0 0
5.05 -21.6763 1.47627 17.6761 -4.82947e-15 6.14052e-17 0 0 0
5.1 -21.8636 1.46362 17.8634 1.55431e-15 -3.91564e-17 0 0 0
5.15 -22.0512 1.45117 18.051 4.44089e-16 1.79813e-18 0 0 0
5.2 -22.2389 1.43892 18.2387 1.94289e-15 -1.01993e-16 0 0 0
5.25 -22.4269 1.42686 18.4267 -7.77156e-16 -1.37242e-16 0 9.86076e-32 0
5.3 -22.615 1.41499 18.6148 -7.60503e-15 -1.1599e-16 0 0 0
5.35 -22.8033 1.40331 18.8031 -1.08386e-14 9.24446e-33 0 -1.38778e-17 0
5.4 -22.9918 1.3918 18.9916 2.77556e-15 -2.56299e-17 0 0 0
5.45 -23.1805 1.38047 19.1803 2.44249e-15 3.78494e-17 0 0 0
5.5 -23.3693 1.36932 19.3691 -9.03444e-15 2.48455e-17 0 1.38778e-17 0
5.55 -23.5583 1.35833 19.5581 5.32907e-15 8.03258e-17 0 0 0
5.6 -23.7475 1.34751 19.7473 -9.92262e-15 -4.74762e-17 0 1.38778e-17 0
5.65 -23.9369 1.33685 19.9367 1.02141e-14 1.19218e-16 0 0 0
5.7 -24.1264 1.32635 20.1262 -3.05311e-15 -5.79729e-17 0 0 0
5.75 -24.316 1.31601 20.3158 -3.05311e-15 3.72773e-17 0 0 0
5.8 -24.5058 1.30581 20.5056 -4.44089e-15 9.37855e-17 0 0 0
5.85 -24.6958 1.29577 20.6956 -3.4972e-15 2.18773e-17 0 0 0
5.9 -24.8859 1.28587 20.8857 -2.77556e-15 -2.88121e-17 0 0 0
5.95 -25.0761 1.27611 21.0759 -3.66374e-15 6.64084e-17 0 0 0
6 -25.2665 1.2665 21.2663 -1.05471e-15 -3.681e-17 0 0 0
6.05 -25.457 1.25702 21.4568 -4.1217e-15 1.02641e-17 0 -1.38778e-17 0
6.1 -25.6477 1.24768 21.6475 -3.06699e-15 7.04703e-17 0 -1.38778e-17 0
6.15 -25.8385 1.23846 21.8383 -8.88178e-15 -5.04626e-17 0 0 0
6.2 -26.0294 1.22938 22.0292 -2.26208e-15 2.80211e-18 0 1.38778e-17 0
6.25 -26.2204 1.22042 22.2202 -5.50948e-15 2.78605e-18 0 -1.38778e-17 0
6.3 -26.4116 1.21159 22.4114 2.77556e-15 -2.84283e-17 0 0 0
6.35 -26.6029 1.20288 22.6027 1.05471e-14 -7.84253e-17 0 0 0
6.4 -26.7943 1.19428 22.7941 2.77556e-15 6.81891e-17 0 0 0
6.45 -26.9858 1.18581 22.9856 1.83187e-15 -8.61531e-17 0 0 0
6.5 -27.1774 1.17745 23.1772 -2.37033e-14 5.08439e-18 0 0 0
6.55 -27.3692 1.1692 23.369 -1.32672e-14 2.1253e-17 0 0 0
6.6 -27.5611 1.16106 23.5609 -5.10703e-15 4.98893e-17 0 0 0
6.65 -27.753 1.15303 23.7528 -3.21965e-15 -2.75247e-17 0 0 0
6.7 -27.9451 1.1451 23.9449 -1.41692e-14 -2.3168e-17 0 -1.38778e-17 0
6.75 -28.1373 1.13728 24.1371 -3.98293e-15 -2.0844e-18 0 1.38778e-17 0
6.8 -28.3296 1.12956 24.3294 7.10543e-15 -7.44513e-18 0 0 0
6.85 -28.5219 1.12194 24.5217 7.71605e-15 -5.19431e-18 0 0 0
6.9 -28.7144 1.11442 24.7142 -1.97758e-14 -2.51473e-18 0 -1.38778e-17 0
6.95 -28.907 1.107 24.9068 5.82867e-15 1.52364e-18 0 0 0
7 -29.0997 1.09967 25.0995 -7.63278e-16 -7.11551e-17 0 1.38778e-17 0
7.05 -29.2924 1.09243 25.2922 -1.65146e-15 3.23919e-17 0 1.38778e-17 0
7.1 -29.4853 1.08529 25.4851 1.89848e-14 -2.62397e-16 0 0 0
7.15 -29.6782 1.07823 25.678 -6.16174e-15 -1.42748e-17 0 0 0
7.2 -29.8713 1.07126 25.8711 7.77156e-16 -1.81014e-16 0 0 0
7.25 -30.0644 1.06438 26.0642 1.11022e-14 3.98119e-18 0 0 0
7.3 -30.2576 1.05759 26.2574 3.44169e-15 1.10869e-18 0 0 0
7.35 -30.4509 1.05087 26.4507 2.77556e-15 4.54585e-17 0 0 0
7.4 -30.6442 1.04424 26.644 3.33067e-16 2.38436e-17 0 0 0
7.45 -30.8377 1.03769 26.8375 1.83187e-15 1.53572e-17 0 0 0
7.5 -31.0312 1.03122 27.031 2.77556e-15 2.44062e-17 0 0 0
7.55 -31.2248 1.02483 27.2246 -2.59515e-15 6.28425e-17 0 1.38778e-17 0
7.6 -31.4185 1.01851 27.4183 1.88738e-15 -2.98744e-16 0 0 0
7.65 -31.6123 1.01227 27.6121 1.77636e-14 5.59171e-17 0 0 0
7.7 -31.8061 1.0061 27.8059 -8.21565e-15 -9.90076e-18 0 0 0
7.75 -32 1 27.9998 -1.54043e-15 -2.79253e-16 0 1.38778e-17 0
7.8 -32.194 0.993975 28.1938 9.60343e-15 -2.0882e-17 0 0 0
7.85 -32.388 0.98802 28.3878 2.63123e-14 -1.70033e-17 0 0 0
7.9 -32.5821 0.982133 28.5819 5.60663e-15 1.70053e-16 0 0 0
7.95 -32.7763 0.976315 28.7761 8.21565e-15 4.73998e-17 0 0 0
8 -32.9706 0.970563 28.9704 9.4369e-15 1.42837e-16 0 0 0
8.05 -33.1649 0.964876 29.1647 -4.06619e-15 -1.15605e-16 0 -1.38778e-17 0
8.1 -33.3593 0.959254 29.3591 1.72085e-15 3.61993e-17 0 0 0
8.15 -33.5537 0.953695 29.5535 -3.09475e-15 -1.84235e-17 0 1.38778e-17 0
8.2 -33.7482 0.948199 29.748 1.68754e-14 -9.69134e-17 0 0 0
8.25 -33.9428 0.942764 29.9426 -2.0775e-14 7.00516e-17 0 -1.38778e-17 0
8.3 -34.1374 0.937389 30.1372 -2.31065e-14 1.41761e-16 0 -1.38778e-17 0
8.35 -34.3321 0.932073 30.3319 -1.14214e-14 -1.1418e-16 0 1.38778e-17 0
8.4 -34.5268 0.926816 30.5266 -8.64586e-15 -2.06348e-18 0 1.38778e-17 0
8.45 -34.7216 0.921616 30.7214 -6.32827e-15 9.14259e-17 0 0 0
8.5 -34.9165 0.916473 30.9163 2.4647e-14 8.07408e-17 0 0 0
8.55 -35.1114 0.911385 31.1112 1.05471e-14 3.83388e-17 0 0 0
8.6 -35.3064 0.906352 31.3062 -1.45439e-14 2.10768e-16 0 0 0
8.65 -35.5014 0.901374 31.5012 -2.10942e-14 1.45449e-17 0 0 0
8.7 -35.6964 0.896448 31.6962 -3.55271e-15 2.444e-17 0 0 0
8.75 -35.8916 0.891574 31.8914 3.27516e-14 9.81621e-17 0 0 0
8.8 -36.0868 0.886752 32.0866 -4.94049e-15 -5.86544e-18 0 0 0
8.85 -36.282 0.881981 32.2818 2.29261e-14 -2.03122e-17 0 0 0
8.9 -36.4773 0.877259 32.4771 4.4964e-15 4.02179e-17 0 0 0
8.95 -36.6726 0.872586 32.6724 3.4639e-14 -9.47838e-19 0 0 0
9 -36.868 0.867962 32.8678 2.40363e-14 2.64633e-17 0 0 0
9.05 -37.0634 0.863386 33.0632 2.62013e-14 -2.47223e-17 0 0 0
9.1 -37.2589 0.858856 33.2587 1.38778e-15 7.47591e-17 0 0 0
9.15 -37.4544 0.854373 33.4542 -3.11001e-14 -1.14458e-17 0 -1.38778e-17 0
9.2 -37.6499 0.849935 33.6497 2.7478e-14 2.37176e-17 0 0 0
9.25 -37.8455 0.845542 33.8453 1.2379e-14 -1.62641e-17 0 0 0
9.3 -38.0412 0.841193 34.041 4.82947e-15 2.68279e-17 0 0 0
9.35 -38.2369 0.836888 34.2367 5.71765e-15 -3.83821e-17 0 0 0
9.4 -38.4326 0.832626 34.4324 1.55431e-14 -5.38132e-17 0 0 0
9.45 -38.6284 0.828406 34.6282 -2.60902e-15 6.97691e-18 0 0 0
9.5 -38.8242 0.824228 34.824 4.94049e-15 -4.74623e-17 0 0 0
9.55 -39.0201 0.82009 35.0199 -1.29063e-15 -3.86023e-18 0 -1.38778e-17 0
9.6 -39.216 0.815994 35.2158 1.66533e-16 1.1017e-16 0 7.39557e-32 0
9.65 -39.4119 0.811937 35.4117 -3.88578e-15 3.77415e-17 0 0 0
9.7 -39.6079 0.807919 35.6077 3.18634e-14 3.20996e-17 0 0 0
9.75 -39.8039 0.803941 35.8037 5.10147e-14 -2.37736e-17 0 0 0
9.8 -40 0.8 35.9998 -3.65402e-14 1.18904e-16 0 -1.38778e-17 0
9.85 -40.1961 0.796097 36.1959 3.27516e-15 -4.62136e-18 0 0 0
9.9 -40.3922 0.792232 36.392 -1.71529e-14 6.08864e-18 0 0 0
9.95 -40.5884 0.788403 36.5882 -2.21906e-14 1.64148e-17 0 1.38778e-17 0
