20 -200 116.764 116.764 3.22581e-07 1 0 1.6129e-06 0
19.9 -199.5 116.564 116.564 3.23102e-07 1 0 1.61551e-06 0
19.8 -199 116.364 116.364 3.23625e-07 1 0 1.61812e-06 0
19.7 -198.5 116.164 116.164 3.24149e-07 1 0 1.62075e-06 0
19.6 -198 115.964 115.964 3.24675e-07 1 0 1.62338e-06 0
19.5 -197.5 115.764 115.764 3.25203e-07 1 0 1.62602e-06 0
19.4 -197 115.564 115.564 3.25733e-07 1 0 1.62866e-06 0
19.3 -196.5 115.364 115.364 3.26264e-07 1 0 1.63132e-06 0
19.2 -196 115.164 115.164 3.26797e-07 1 0 1.63399e-06 0
19.1 -195.5 114.964 114.964 3.27332e-07 1 0 1.63666e-06 0
19 -195 114.764 114.764 3.27869e-07 1 0 1.63934e-06 0
18.9 -194.5 114.564 114.564 3.28407e-07 1 0 1.64204e-06 0
18.8 -194 114.364 114.364 3.28947e-07 1 0 1.64474e-06 0
18.7 -193.5 114.164 114.164 3.29489e-07 1 0 1.64745e-06 0
18.6 -193 113.964 113.964 3.30033e-07 1 0 1.65017e-06 0
18.5 -192.5 113.764 113.764 3.30579e-07 1 0 1.65289e-06 0
18.4 -192 113.564 113.564 3.31126e-07 1 0 1.65563e-06 0
18.3 -191.5 113.364 113.364 3.31675e-07 1 0 1.65837e-06 0
18.2 -191 113.164 113.164 3.32226e-07 1 0 1.66113e-06 0
18.1 -190.5 112.964 112.964 3.32779e-07 1 0 1.66389e-06 0
18 -190 112.764 112.764 3.33333e-07 1 0 1.66667e-06 0
17.9 -189.5 112.564 112.564 3.3389e-07 1 0 1.66945e-06 0
17.8 -189 112.364 112.364 3.34448e-07 1 0 1.67224e-06 0
17.7 -188.5 112.164 112.164 3.35008e-07 1 0 1.67504e-06 0
17.6 -188 111.964 111.964 3.3557e-07 1 0 1.67785e-06 0
17.5 -187.5 111.764 111.764 3.36134e-07 1 0 1.68067e-06 0
17.4 -187 111.564 111.564 3.367e-07 1 0 1.6835e-06 0
17.3 -186.5 111.364 111.364 3.37268e-07 1 0 1.68634e-06 0
17.2 -186 111.164 111.164 3.37838e-07 1 0 1.68919e-06 0
17.1 -185.5 110.964 110.964 3.38409e-07 1 0 1.69205e-06 0
17 -185 110.764 110.764 3.38983e-07 1 0 1.69492e-06 0
16.9 -184.5 110.564 110.564 3.39559e-07 1 0 1.69779e-06 0
16.8 -184 110.364 110.364 3.40136e-07 1 0 1.70068e-06 0
16.7 -183.5 110.164 110.164 3.40716e-07 1 0 1.70358e-06 0
16.6 -183 109.964 109.964 3.41297e-07 1 0 1.70648e-06 0
16.5 -182.5 109.764 109.764 3.4188e-07 1 0 1.7094e-06 0
16.4 -182 109.564 109.564 3.42466e-07 1 0 1.71233e-06 0
16.3 -181.5 109.364 109.364 3.43053e-07 1 0 1.71527e-06 0
16.2 -181 109.164 109.164 3.43643e-07 1 0 1.71821e-06 0
16.1 -180.5 108.964 108.964 3.44234e-07 1 0 1.72117e-06 0
16 -180 108.764 108.764 3.44828e-07 1 0 1.72414e-06 0
15.9 -179.5 108.564 108.564 3.45423e-07 1 0 1.72712e-06 0
15.8 -179 108.364 108.364 3.46021e-07 1 0 1.7301e-06 0
15.7 -178.5 108.164 108.164 3.4662e-07 1 0 1.7331e-06 0
15.6 -178 107.964 107.964 3.47222e-07 1 0 1.73611e-06 0
15.5 -177.5 107.764 107.764 3.47826e-07 1 0 1.73913e-06 0
15.4 -177 107.564 107.564 3.48432e-07 1 0 1.74216e-06 0
15.3 -176.5 107.364 107.364 3.4904e-07 1 0 1.7452e-06 0
15.2 -176 107.164 107.164 3.4965e-07 1 0 1.74825e-06 0
15.1 -175.5 106.964 106.964 3.50263e-07 1 0 1.75131e-06 0
15 -175 106.764 106.764 3.50877e-07 1 0 1.75439e-06 0
14.9 -174.5 106.564 106.564 3.51494e-07 1 0 1.75747e-06 0
14.8 -174 106.364 106.364 3.52113e-07 1 0 1.76056e-06 0
14.7 -173.5 106.164 106.164 3.52734e-07 1 0 1.76367e-06 0
14.6 -173 105.964 105.964 3.53357e-07 1 0 1.76678e-06 0
14.5 -172.5 105.764 105.764 3.53982e-07 1 0 1.76991e-06 0
14.4 -172 105.564 105.564 3.5461e-07 1 0 1.77305e-06 0
14.3 -171.5 105.364 105.364 3.5524e-07 1 0 1.7762e-06 0
14.2 -171 105.164 105.164 3.55872e-07 1 0 1.77936e-06 0
14.1 -170.5 104.964 104.964 3.56506e-07 1 0 1.78253e-06 0
14 -170 104.764 104.764 3.57143e-07 1 0 1.78571e-06 0
13.9 -169.5 104.564 104.564 3.57782e-07 1 0 1.78891e-06 0
13.8 -169 104.364 104.364 3.58423e-07 1 0 1.79211e-06 0
13.7 -168.5 104.164 104.164 3.59066e-07 1 0 1.79533e-06 0
13.6 -168 103.964 103.964 3.59712e-07 1 0 1.79856e-06 0
13.5 -167.5 103.764 103.764 3.6036e-07 1 0 1.8018e-06 0
13.4 -167 103.564 103.564 3.61011e-07 1 0 1.80505e-06 0
13.3 -166.5 103.364 103.364 3.61664e-07 1 0 1.80832e-06 0
13.2 -166 103.164 103.164 3.62319e-07 1 0 1.81159e-06 0
13.1 -165.5 102.964 102.964 3.62976e-07 1 0 1.81488e-06 0
13 -165 102.764 102.764 3.63636e-07 1 0 1.81818e-06 0
12.9 -164.5 102.564 102.564 3.64299e-07 1 0 1.82149e-06 0
12.8 -164 102.364 102.364 3.64964e-07 1 0 1.82482e-06 0
12.7 -163.5 102.164 102.164 3.65631e-07 1 0 1.82815e-06 0
12.6 -163 101.964 101.964 3.663e-07 1 0 1.8315e-06 0
12.5 -162.5 101.764 101.764 3.66972e-07 1 0 1.83486e-06 0
12.4 -162 101.564 101.564 3.67647e-07 1 0 1.83824e-06 0
12.3 -161.5 101.364 101.364 3.68324e-07 1 0 1.84162e-06 0
12.2 -161 101.164 101.164 3.69004e-07 1 0 1.84502e-06 0
12.1 -160.5 100.964 100.964 3.69686e-07 1 0 1.84843e-06 0
12 -160 100.764 100.764 3.7037e-07 1 0 1.85185e-06 0
11.9 -159.5 100.564 100.564 3.71058e-07 1 0 1.85529e-06 0
11.8 -159 100.364 100.364 3.71747e-07 1 0 1.85874e-06 0
11.7 -158.5 100.164 100.164 3.72439e-07 1 0 1.8622e-06 0
11.6 -158 99.9639 99.9639 3.73134e-07 1 0 1.86567e-06 0
11.5 -157.5 99.7639 99.7639 3.73832e-07 1 0 1.86916e-06 0
11.4 -157 99.5639 99.5639 3.74532e-07 1 0 1.87266e-06 0
11.3 -156.5 99.3639 99.3639 3.75235e-07 1 0 1.87617e-06 0
11.2 -156 99.1639 99.1639 3.7594e-07 1 0 1.8797e-06 0
11.1 -155.5 98.9639 98.9639 3.76648e-07 1 0 1.88324e-06 0
11 -155 98.7639 98.7639 3.77358e-07 1 0 1.88679e-06 0
10.9 -154.5 98.5639 98.5639 3.78072e-07 1 0 1.89036e-06 0
10.8 -154 98.3639 98.3639 3.78788e-07 1 0 1.89394e-06 0
10.7 -153.5 98.1639 98.1639 3.79507e-07 1 0 1.89753e-06 0
10.6 -153 97.9639 97.9639 3.80228e-07 1 0 1.90114e-06 0
10.5 -152.5 97.7639 97.7639 3.80952e-07 1 0 1.90476e-06 0
10.4 -152 97.5639 97.5639 3.81679e-07 1 0 1.9084e-06 0
10.3 -151.5 97.3639 97.3639 3.82409e-07 1 0 1.91205e-06 0
10.2 -151 97.1639 97.1639 3.83142e-07 1 0 1.91571e-06 0
10.1 -150.5 96.9639 96.9639 3.83877e-07 1 0 1.91939e-06 0
10 -150 96.7639 96.7639 3.84615e-07 1 0 1.92308e-06 0
9.9 -149.5 96.5639 96.5639 3.85356e-07 1 0 1.92678e-06 0
9.8 -149 96.3639 96.3639 3.861e-07 1 0 1.9305e-06 0
9.7 -148.5 96.1639 96.1639 3.86847e-07 1 0 1.93424e-06 0
9.6 -148 95.9639 95.9639 3.87597e-07 1 0 1.93798e-06 0
9.5 -147.5 95 95.7639 3.8835e-07 1 0 1.94175e-06 0
9.4 -147 94 95.5639 3.89105e-07 1 0 1.94553e-06 0
9.3 -146.5 93 95.3639 3.89864e-07 1 0 1.94932e-06 0
9.2 -146 92 95.1639 3.90625e-07 1 0 1.95312e-06 0
9.1 -145.5 91 94.9639 3.91389e-07 1 0 1.95695e-06 0
9 -145 90 94.7639 3.92157e-07 1 0 1.96078e-06 0
8.9 -144.5 89 94.5639 3.92927e-07 1 0 1.96464e-06 0
8.8 -144 88 94.3639 3.93701e-07 1 0 1.9685e-06 0
8.7 -143.5 87 94.1639 3.94477e-07 1 0 1.97239e-06 0
8.6 -143 86 93.9639 3.95257e-07 1 0 1.97628e-06 0
8.5 -142.5 85 93.7639 3.9604e-07 1 0 1.9802e-06 0
8.4 -142 84 93.5639 3.96825e-07 1 0 1.98413e-06 0
8.3 -141.5 83 93.3639 3.97614e-07 1 0 1.98807e-06 0
8.2 -141 82 93.1639 3.98406e-07 1 0 1.99203e-06 0
8.1 -140.5 81 92.9639 3.99202e-07 1 0 1.99601e-06 0
8 -140 80 92.7639 4e-07 1 0 2e-06 0
7.9 -139.5 79 92.5639 4.00802e-07 1 0 2.00401e-06 0
7.8 -139 78 92.3639 4.01606e-07 1 0 2.00803e-06 0
7.7 -138.5 77 92.1639 4.02414e-07 1 0 2.01207e-06 0
7.6 -138 76 91.9639 4.03226e-07 1 0 2.01613e-06 0
7.5 -137.5 75 91.7639 4.0404e-07 1 0 2.0202e-06 0
7.4 -137 74 91.5639 4.04858e-07 1 0 2.02429e-06 0
7.3 -136.5 73 91.3639 4.0568e-07 1 0 2.0284e-06 0
7.2 -136 72 91.1639 4.06504e-07 1 0 2.03252e-06 0
7.1 -135.5 71 90.9639 4.07332e-07 1 0 2.03666e-06 0
7 -135 70 90.7639 4.08163e-07 1 0 2.04082e-06 0
6.9 -134.5 69 90.5639 4.08998e-07 1 0 2.04499e-06 0
6.8 -134 68 90.3639 4.09836e-07 1 0 2.04918e-06 0
6.7 -133.5 67 90.1639 4.10678e-07 1 0 2.05339e-06 0
6.6 -133 66 89.9639 4.11523e-07 1 0 2.05761e-06 0
6.5 -132.5 65 89.7639 4.12371e-07 1 0 2.06186e-06 0
6.4 -132 64 89.5639 4.13223e-07 1 0 2.06612e-06 0
6.3 -131.5 63 89.3639 4.14079e-07 1 0 2.07039e-06 0
6.2 -131 62 89.1639 4.14938e-07 1 0 2.07469e-06 0
6.1 -130.5 61 88.9639 4.158e-07 1 0 2.079e-06 0
6 -130 60 88.7639 4.16667e-07 1 0 2.08333e-06 0
5.9 -129.5 59 88.5639 4.17537e-07 1 0 2.08768e-06 0
5.8 -129 58 88.3639 4.1841e-07 1 0 2.09205e-06 0
5.7 -128.5 57 88.1639 4.19287e-07 1 0 2.09644e-06 0
5.6 -128 56 87.9639 4.20168e-07 1 0 2.10084e-06 0
5.5 -127.5 55 87.7639 4.21053e-07 1 0 2.10526e-06 0
5.4 -127 54 87.5639 4.21941e-07 1 0 2.1097e-06 0
5.3 -126.5 53 87.3639 4.22833e-07 1 0 2.11416e-06 0
5.2 -126 52 87.1639 4.23729e-07 1 0 2.11864e-06 0
5.1 -125.5 51 86.9639 4.24628e-07 1 0 2.12314e-06 0
5 -125 50 86.7639 4.25532e-07 1 0 2.12766e-06 0
4.9 -124.5 49 86.5639 4.26439e-07 1 0 2.1322e-06 0
4.8 -124 48 86.3639 4.2735e-07 1 0 2.13675e-06 0
4.7 -123.5 47 86.1639 4.28266e-07 1 0 2.14133e-06 0
4.6 -123 46 85.9639 4.29185e-07 1 0 2.14592e-06 0
4.5 -122.5 45 85.7639 4.30108e-07 1 0 2.15054e-06 0
4.4 -122 44 85.5639 4.31034e-07 1 0 2.15517e-06 0
4.3 -121.5 43 85.3639 4.31965e-07 1 0 2.15983e-06 0
4.2 -121 42 85.1639 4.329e-07 1 0 2.1645e-06 0
4.1 -120.5 41 84.9639 4.33839e-07 1 0 2.1692e-06 0
4 -120 40 84.7639 4.34783e-07 1 0 2.17391e-06 0
3.9 -119.5 39 84.5639 4.3573e-07 1 0 2.17865e-06 0
3.8 -119 38 84.3639 4.36681e-07 1 0 2.18341e-06 0
3.7 -118.5 37 84.1639 4.37637e-07 1 0 2.18818e-06 0
3.6 -118 36 83.9639 4.38596e-07 1 0 2.19298e-06 0
3.5 -117.5 35 83.7639 4.3956e-07 1 0 2.1978e-06 0
3.4 -117 34 83.5639 4.40529e-07 1 0 2.20264e-06 0
3.3 -116.5 33 83.3639 4.41501e-07 1 0 2.20751e-06 0
3.2 -116 32 83.1639 4.42478e-07 1 0 2.21239e-06 0
3.1 -115.5 31 82.9639 4.43459e-07 1 0 2.21729e-06 0
3 -115 30 82.7639 4.44444e-07 1 0 2.22222e-06 0
2.9 -114.5 29 82.5639 4.45434e-07 1 0 2.22717e-06 0
2.8 -114 28 82.3639 4.46429e-07 1 0 2.23214e-06 0
2.7 -113.5 27 82.1639 4.47427e-07 1 0 2.23714e-06 0
2.6 -113 26 81.9639 4.4843e-07 1 0 2.24215e-06 0
2.5 -112.5 25 81.7639 4.49438e-07 1 0 2.24719e-06 0
2.4 -112 24 81.5639 4.5045e-07 1 0 2.25225e-06 0
2.3 -111.5 23 81.3639 4.51467e-07 1 0 2.25734e-06 0
2.2 -111 22 81.1639 4.52489e-07 1 0 2.26244e-06 0
2.1 -110.5 21 80.9639 4.53515e-07 1 0 2.26757e-06 0
2 -110 20 80.7639 4.54545e-07 1 0 2.27273e-06 0
1.9 -109.5 19 80.5639 4.55581e-07 1 0 2.2779e-06 0
1.8 -109 18 80.3639 4.56621e-07 1 0 2.28311e-06 0
1.7 -108.5 17 80.1639 4.57666e-07 1 0 2.28833e-06 0
1.6 -108 16 79.9639 4.58716e-07 1 0 2.29358e-06 0
1.5 -107.5 15 79.7639 4.5977e-07 1 0 2.29885e-06 0
1.4 -107 14 79.5639 4.60829e-07 1 0 2.30415e-06 0
1.3 -106.5 13 79.3639 4.61894e-07 1 0 2.30947e-06 0
1.2 -106 12 79.1639 4.62963e-07 1 0 2.31481e-06 0
1.1 -105.5 11 78.9639 4.64037e-07 1 0 2.32019e-06 0
1 -105 10 78.7639 4.65116e-07 1 0 2.32558e-06 0
0.9 -104.5 9 78.5639 4.662e-07 1 0 2.331e-06 0
0.8 -104 8 78.3639 4.6729e-07 1 0 2.33645e-06 0
0.7 -103.5 7 78.1639 4.68384e-07 1 0 2.34192e-06 0
0.6 -103 6 77.9639 4.69484e-07 1 0 2.34742e-06 0
0.5 -102.5 5 77.7639 4.70588e-07 1 0 2.35294e-06 0
0.4 -102 4 77.5639 4.71698e-07 1 0 2.35849e-06 0
0.3 -101.5 3 77.3639 4.72813e-07 1 0 2.36407e-06 0
0.2 -101 2 77.1639 4.73934e-07 1 0 2.36967e-06 0
0.1 -100.5 1 76.9639 4.75059e-07 1 0 2.3753e-06 0
-1.52933e-14 -100 1.98952e-13 76.7639 4.7619e-07 -0.87605 0 2.38095e-06 0
-0.1 -100.5 1 76.9639 4.75059e-07 -1 0 2.3753e-06 0
-0.2 -101 2 77.1639 4.73934e-07 -1 0 2.36967e-06 0
-0.3 -101.5 3 77.3639 4.72813e-07 -1 0 2.36407e-06 0
-0.4 -102 4 77.5639 4.71698e-07 -1 0 2.35849e-06 0
-0.5 -102.5 5 77.7639 4.70588e-07 -1 0 2.35294e-06 0
-0.6 -103 6 77.9639 4.69484e-07 -1 0 2.34742e-06 0
-0.7 -103.5 7 78.1639 4.68384e-07 -1 0 2.34192e-06 0
-0.8 -104 8 78.3639 4.6729e-07 -1 0 2.33645e-06 0
-0.9 -104.5 9 78.5639 4.662e-07 -1 0 2.331e-06 0
-1 -105 10 78.7639 4.65116e-07 -1 0 2.32558e-06 0
-1.1 -105.5 11 78.9639 4.64037e-07 -1 0 2.32019e-06 0
-1.2 -106 12 79.1639 4.62963e-07 -1 0 2.31481e-06 0
-1.3 -106.5 13 79.3639 4.61894e-07 -1 0 2.30947e-06 0
-1.4 -107 14 79.5639 4.60829e-07 -1 0 2.30415e-06 0
-1.5 -107.5 15 79.7639 4.5977e-07 -1 0 2.29885e-06 0
-1.6 -108 16 79.9639 4.58716e-07 -1 0 2.29358e-06 0
-1.7 -108.5 17 80.1639 4.57666e-07 -1 0 2.28833e-06 0
-1.8 -109 18 80.3639 4.56621e-07 -1 0 2.28311e-06 0
-1.9 -109.5 19 80.5639 4.55581e-07 -1 0 2.2779e-06 0
-2 -110 20 80.7639 4.54545e-07 -1 0 2.27273e-06 0
-2.1 -110.5 21 80.9639 4.53515e-07 -1 0 2.26757e-06 0
-2.2 -111 22 81.1639 4.52489e-07 -1 0 2.26244e-06 0
-2.3 -111.5 23 81.3639 4.51467e-07 -1 0 2.25734e-06 0
-2.4 -112 24 81.5639 4.5045e-07 -1 0 2.25225e-06 0
-2.5 -112.5 25 81.7639 4.49438e-07 -1 0 2.24719e-06 0
-2.6 -113 26 81.9639 4.4843e-07 -1 0 2.24215e-06 0
-2.7 -113.5 27 82.1639 4.47427e-07 -1 0 2.23714e-06 0
-2.8 -114 28 82.3639 4.46429e-07 -1 0 2.23214e-06 0
-2.9 -114.5 29 82.5639 4.45434e-07 -1 0 2.22717e-06 0
-3 -115 30 82.7639 4.44444e-07 -1 0 2.22222e-06 0
-3.1 -115.5 31 82.9639 4.43459e-07 -1 0 2.21729e-06 0
-3.2 -116 32 83.1639 4.42478e-07 -1 0 2.21239e-06 0
-3.3 -116.5 33 83.3639 4.41501e-07 -1 0 2.20751e-06 0
-3.4 -117 34 83.5639 4.40529e-07 -1 0 2.20264e-06 0
-3.5 -117.5 35 83.7639 4.3956e-07 -1 0 2.1978e-06 0
-3.6 -118 36 83.9639 4.38596e-07 -1 0 2.19298e-06 0
-3.7 -118.5 37 84.1639 4.37637e-07 -1 0 2.18818e-06 0
-3.8 -119 38 84.3639 4.36681e-07 -1 0 2.18341e-06 0
-3.9 -119.5 39 84.5639 4.3573e-07 -1 0 2.17865e-06 0
-4 -120 40 84.7639 4.34783e-07 -1 0 2.17391e-06 0
-4.1 -120.5 41 84.9639 4.33839e-07 -1 0 2.1692e-06 0
-4.2 -121 42 85.1639 4.329e-07 -1 0 2.1645e-06 0
-4.3 -121.5 43 85.3639 4.31965e-07 -1 0 2.15983e-06 0
-4.4 -122 44 85.5639 4.31034e-07 -1 0 2.15517e-06 0
-4.5 -122.5 45 85.7639 4.30108e-07 -1 0 2.15054e-06 0
-4.6 -123 46 85.9639 4.29185e-07 -1 0 2.14592e-06 0
-4.7 -123.5 47 86.1639 4.28266e-07 -1 0 2.14133e-06 0
-4.8 -124 48 86.3639 4.2735e-07 -1 0 2.13675e-06 0
-4.9 -124.5 49 86.5639 4.26439e-07 -1 0 2.1322e-06 0
-5 -125 50 86.7639 4.25532e-07 -1 0 2.12766e-06 0
-5.1 -125.5 51 86.9639 4.24628e-07 -1 0 2.12314e-06 0
-5.2 -126 52 87.1639 4.23729e-07 -1 0 2.11864e-06 0
-5.3 -126.5 53 87.3639 4.22833e-07 -1 0 2.11416e-06 0
-5.4 -127 54 87.5639 4.21941e-07 -1 0 2.1097e-06 0
-5.5 -127.5 55 87.7639 4.21053e-07 -1 0 2.10526e-06 0
-5.6 -128 56 87.9639 4.20168e-07 -1 0 2.10084e-06 0
-5.7 -128.5 57 88.1639 4.19287e-07 -1 0 2.09644e-06 0
-5.8 -129 58 88.3639 4.1841e-07 -1 0 2.09205e-06 0
-5.9 -129.5 59 88.5639 4.17537e-07 -1 0 2.08768e-06 0
-6 -130 60 88.7639 4.16667e-07 -1 0 2.08333e-06 0
-6.1 -130.5 61 88.9639 4.158e-07 -1 0 2.079e-06 0
-6.2 -131 62 89.1639 4.14938e-07 -1 0 2.07469e-06 0
-6.3 -131.5 63 89.3639 4.14079e-07 -1 0 2.07039e-06 0
-6.4 -132 64 89.5639 4.13223e-07 -1 0 2.06612e-06 0
-6.5 -132.5 65 89.7639 4.12371e-07 -1 0 2.06186e-06 0
-6.6 -133 66 89.9639 4.11523e-07 -1 0 2.05761e-06 0
-6.7 -133.5 67 90.1639 4.10678e-07 -1 0 2.05339e-06 0
-6.8 -134 68 90.3639 4.09836e-07 -1 0 2.04918e-06 0
-6.9 -134.5 69 90.5639 4.08998e-07 -1 0 2.04499e-06 0
-7 -135 70 90.7639 4.08163e-07 -1 0 2.04082e-06 0
-7.1 -135.5 71 90.9639 4.07332e-07 -1 0 2.03666e-06 0
-7.2 -136 72 91.1639 4.06504e-07 -1 0 2.03252e-06 0
-7.3 -136.5 73 91.3639 4.0568e-07 -1 0 2.0284e-06 0
-7.4 -137 74 91.5639 4.04858e-07 -1 0 2.02429e-06 0
-7.5 -137.5 75 91.7639 4.0404e-07 -1 0 2.0202e-06 0
-7.6 -138 76 91.9639 4.03226e-07 -1 0 2.01613e-06 0
-7.7 -138.5 77 92.1639 4.02414e-07 -1 0 2.01207e-06 0
-7.8 -139 78 92.3639 4.01606e-07 -1 0 2.00803e-06 0
-7.9 -139.5 79 92.5639 4.00802e-07 -1 0 2.00401e-06 0
-8 -140 80 92.7639 4e-07 -1 0 2e-06 0
-8.1 -140.5 81 92.9639 3.99202e-07 -1 0 1.99601e-06 0
-8.2 -141 82 93.1639 3.98406e-07 -1 0 1.99203e-06 0
-8.3 -141.5 83 93.3639 3.97614e-07 -1 0 1.98807e-06 0
-8.4 -142 84 93.5639 3.96825e-07 -1 0 1.98413e-06 0
-8.5 -142.5 85 93.7639 3.9604e-07 -1 0 1.9802e-06 0
-8.6 -143 86 93.9639 3.95257e-07 -1 0 1.97628e-06 0
-8.7 -143.5 87 94.1639 3.94477e-07 -1 0 1.97239e-06 0
-8.8 -144 88 94.3639 3.93701e-07 -1 0 1.9685e-06 0
-8.9 -144.5 89 94.5639 3.92927e-07 -1 0 1.96464e-06 0
-9 -145 90 94.7639 3.92157e-07 -1 0 1.96078e-06 0
-9.1 -145.5 91 94.9639 3.91389e-07 -1 0 1.95695e-06 0
-9.2 -146 92 95.1639 3.90625e-07 -1 0 1.95313e-06 0
-9.3 -146.5 93 95.3639 3.89864e-07 -1 0 1.94932e-06 0
-9.4 -147 94 95.5639 3.89105e-07 -1 0 1.94553e-06 0
-9.5 -147.5 95 95.7639 3.8835e-07 -1 0 1.94175e-06 0
-9.6 -148 95.9639 95.9639 3.87597e-07 -1 0 1.93798e-06 0
-9.7 -148.5 96.1639 96.1639 3.86847e-07 -1 0 1.93424e-06 0
-9.8 -149 96.3639 96.3639 3.861e-07 -1 0 1.9305e-06 0
-9.9 -149.5 96.5639 96.5639 3.85356e-07 -1 0 1.92678e-06 0
-10 -150 96.7639 96.7639 3.84615e-07 -1 0 1.92308e-06 0
-10.1 -150.5 96.9639 96.9639 3.83877e-07 -1 0 1.91939e-06 0
-10.2 -151 97.1639 97.1639 3.83142e-07 -1 0 1.91571e-06 0
-10.3 -151.5 97.3639 97.3639 3.82409e-07 -1 0 1.91205e-06 0
-10.4 -152 97.5639 97.5639 3.81679e-07 -1 0 1.9084e-06 0
-10.5 -152.5 97.7639 97.7639 3.80952e-07 -1 0 1.90476e-06 0
-10.6 -153 97.9639 97.9639 3.80228e-07 -1 0 1.90114e-06 0
-10.7 -153.5 98.1639 98.1639 3.79507e-07 -1 0 1.89753e-06 0
-10.8 -154 98.3639 98.3639 3.78788e-07 -1 0 1.89394e-06 0
-10.9 -154.5 98.5639 98.5639 3.78072e-07 -1 0 1.89036e-06 0
-11 -155 98.7639 98.7639 3.77358e-07 -1 0 1.88679e-06 0
-11.1 -155.5 98.9639 98.9639 3.76648e-07 -1 0 1.88324e-06 0
-11.2 -156 99.1639 99.1639 3.7594e-07 -1 0 1.8797e-06 0
-11.3 -156.5 99.3639 99.3639 3.75235e-07 -1 0 1.87617e-06 0
-11.4 -157 99.5639 99.5639 3.74532e-07 -1 0 1.87266e-06 0
-11.5 -157.5 99.7639 99.7639 3.73832e-07 -1 0 1.86916e-06 0
-11.6 -158 99.9639 99.9639 3.73134e-07 -1 0 1.86567e-06 0
-11.7 -158.5 100.164 100.164 3.72439e-07 -1 0 1.8622e-06 0
-11.8 -159 100.364 100.364 3.71747e-07 -1 0 1.85874e-06 0
-11.9 -159.5 100.564 100.564 3.71058e-07 -1 0 1.85529e-06 0
-12 -160 100.764 100.764 3.7037e-07 -1 0 1.85185e-06 0
-12.1 -160.5 100.964 100.964 3.69686e-07 -1 0 1.84843e-06 0
-12.2 -161 101.164 101.164 3.69004e-07 -1 0 1.84502e-06 0
-12.3 -161.5 101.364 101.364 3.68324e-07 -1 0 1.84162e-06 0
-12.4 -162 101.564 101.564 3.67647e-07 -1 0 1.83824e-06 0
-12.5 -162.5 101.764 101.764 3.66972e-07 -1 0 1.83486e-06 0
-12.6 -163 101.964 101.964 3.663e-07 -1 0 1.8315e-06 0
-12.7 -163.5 102.164 102.164 3.65631e-07 -1 0 1.82815e-06 0
-12.8 -164 102.364 102.364 3.64964e-07 -1 0 1.82482e-06 0
-12.9 -164.5 102.564 102.564 3.64299e-07 -1 0 1.82149e-06 0
-13 -165 102.764 102.764 3.63636e-07 -1 0 1.81818e-06 0
-13.1 -165.5 102.964 102.964 3.62976e-07 -1 0 1.81488e-06 0
-13.2 -166 103.164 103.164 3.62319e-07 -1 0 1.81159e-06 0
-13.3 -166.5 103.364 103.364 3.61664e-07 -1 0 1.80832e-06 0
-13.4 -167 103.564 103.564 3.61011e-07 -1 0 1.80505e-06 0
-13.5 -167.5 103.764 103.764 3.6036e-07 -1 0 1.8018e-06 0
-13.6 -168 103.964 103.964 3.59712e-07 -1 0 1.79856e-06 0
-13.7 -168.5 104.164 104.164 3.59066e-07 -1 0 1.79533e-06 0
-13.8 -169 104.364 104.364 3.58423e-07 -1 0 1.79211e-06 0
-13.9 -169.5 104.564 104.564 3.57782e-07 -1 0 1.78891e-06 0
-14 -170 104.764 104.764 3.57143e-07 -1 0 1.78571e-06 0
-14.1 -170.5 104.964 104.964 3.56506e-07 -1 0 1.78253e-06 0
-14.2 -171 105.164 105.164 3.55872e-07 -1 0 1.77936e-06 0
-14.3 -171.5 105.364 105.364 3.5524e-07 -1 0 1.7762e-06 0
-14.4 -172 105.564 105.564 3.5461e-07 -1 0 1.77305e-06 0
-14.5 -172.5 105.764 105.764 3.53982e-07 -1 0 1.76991e-06 0
-14.6 -173 105.964 105.964 3.53357e-07 -1 0 1.76678e-06 0
-14.7 -173.5 106.164 106.164 3.52734e-07 -1 0 1.76367e-06 0
-14.8 -174 106.364 106.364 3.52113e-07 -1 0 1.76056e-06 0
-14.9 -174.5 106.564 106.564 3.51494e-07 -1 0 1.75747e-06 0
-15 -175 106.764 106.764 3.50877e-07 -1 0 1.75439e-06 0
-15.1 -175.5 106.964 106.964 3.50263e-07 -1 0 1.75131e-06 0
-15.2 -176 107.164 107.164 3.4965e-07 -1 0 1.74825e-06 0
-15.3 -176.5 107.364 107.364 3.4904e-07 -1 0 1.7452e-06 0
-15.4 -177 107.564 107.564 3.48432e-07 -1 0 1.74216e-06 0
-15.5 -177.5 107.764 107.764 3.47826e-07 -1 0 1.73913e-06 0
-15.6 -178 107.964 107.964 3.47222e-07 -1 0 1.73611e-06 0
-15.7 -178.5 108.164 108.164 3.4662e-07 -1 0 1.7331e-06 0
-15.8 -179 108.364 108.364 3.46021e-07 -1 0 1.7301e-06 0
-15.9 -179.5 108.564 108.564 3.45423e-07 -1 0 1.72712e-06 0
-16 -180 108.764 108.764 3.44828e-07 -1 0 1.72414e-06 0
-16.1 -180.5 108.964 108.964 3.44234e-07 -1 0 1.72117e-06 0
-16.2 -181 109.164 109.164 3.43643e-07 -1 0 1.71821e-06 0
-16.3 -181.5 109.364 109.364 3.43053e-07 -1 0 1.71527e-06 0
-16.4 -182 109.564 109.564 3.42466e-07 -1 0 1.71233e-06 0
-16.5 -182.5 109.764 109.764 3.4188e-07 -1 0 1.7094e-06 0
-16.6 -183 109.964 109.964 3.41297e-07 -1 0 1.70648e-06 0
-16.7 -183.5 110.164 110.164 3.40716e-07 -1 0 1.70358e-06 0
-16.8 -184 110.364 110.364 3.40136e-07 -1 0 1.70068e-06 0
-16.9 -184.5 110.564 110.564 3.39559e-07 -1 0 1.69779e-06 0
-17 -185 110.764 110.764 3.38983e-07 -1 0 1.69492e-06 0
-17.1 -185.5 110.964 110.964 3.38409e-07 -1 0 1.69205e-06 0
-17.2 -186 111.164 111.164 3.37838e-07 -1 0 1.68919e-06 0
-17.3 -186.5 111.364 111.364 3.37268e-07 -1 0 1.68634e-06 0
-17.4 -187 111.564 111.564 3.367e-07 -1 0 1.6835e-06 0
-17.5 -187.5 111.764 111.764 3.36134e-07 -1 0 1.68067e-06 0
-17.6 -188 111.964 111.964 3.3557e-07 -1 0 1.67785e-06 0
-17.7 -188.5 112.164 112.164 3.35008e-07 -1 0 1.67504e-06 0
-17.8 -189 112.364 112.364 3.34448e-07 -1 0 1.67224e-06 0
-17.9 -189.5 112.564 112.564 3.3389e-07 -1 0 1.66945e-06 0
-18 -190 112.764 112.764 3.33333e-07 -1 0 1.66667e-06 0
-18.1 -190.5 112.964 112.964 3.32779e-07 -1 0 1.66389e-06 0
-18.2 -191 113.164 113.164 3.32226e-07 -1 0 1.66113e-06 0
-18.3 -191.5 113.364 113.364 3.31675e-07 -1 0 1.65837e-06 0
-18.4 -192 113.564 113.564 3.31126e-07 -1 0 1.65563e-06 0
-18.5 -192.5 113.764 113.764 3.30579e-07 -1 0 1.65289e-06 0
-18.6 -193 113.964 113.964 3.30033e-07 -1 0 1.65017e-06 0
-18.7 -193.5 114.164 114.164 3.29489e-07 -1 0 1.64745e-06 0
-18.8 -194 114.364 114.364 3.28947e-07 -1 0 1.64474e-06 0
-18.9 -194.5 114.564 114.564 3.28407e-07 -1 0 1.64204e-06 0
-19 -195 114.764 114.764 3.27869e-07 -1 0 1.63934e-06 0
-19.1 -195.5 114.964 114.964 3.27332e-07 -1 0 1.63666e-06 0
-19.2 -196 115.164 115.164 3.26797e-07 -1 0 1.63399e-06 0
-19.3 -196.5 115.364 115.364 3.26264e-07 -1 0 1.63132e-06 0
-19.4 -197 115.564 115.564 3.25733e-07 -1 0 1.62866e-06 0
-19.5 -197.5 115.764 115.764 3.25203e-07 -1 0 1.62602e-06 0
-19.6 -198 115.964 115.964 3.24675e-07 -1 0 1.62338e-06 0
-19.7 -198.5 116.164 116.164 3.24149e-07 -1 0 1.62075e-06 0
-19.8 -199 116.364 116.364 3.23625e-07 -1 0 1.61812e-06 0
-19.9 -199.5 116.564 116.564 3.23102e-07 -1 0 1.61551e-06 0
