-10 -30.0004 0.0008 19.7807 0 1.26418e-16 0 1 0
-9.95 -29.8504 0.0008 19.6795 0 -2.0383e-17 0 1 0
-9.9 -29.7004 0.0008 19.5782 0 -4.33681e-17 0 1 0
-9.85 -29.5504 0.0008 19.477 0 4.0766e-17 0 1 0
-9.8 -29.4004 0.0008 19.3758 0 1.23165e-16 0 1 0
-9.75 -29.2504 0.0008 19.2745 0 -3.81639e-17 0 1 0
-9.7 -29.1004 0.0008 19.1733 0 9.02056e-17 0 1 0
-9.65 -28.9504 0.0008 19.072 0 1.85182e-28 0 1 0
-9.6 -28.8004 0.0008 18.9707 0 -7.54605e-17 0 1 0
-9.55 -28.6504 0.0008 18.8694 0 -3.36536e-16 0 1 0
-9.5 -28.5004 0.0008 18.7681 0 2.34188e-17 0 1 0
-9.45 -28.3504 0.0008 18.6667 0 -4.98733e-17 0 1 0
-9.4 -28.2004 0.0008 18.5654 0 -1.52981e-16 0 1 0
-9.35 -28.0504 0.0008 18.464 0 -3.72966e-17 0 1 0
-9.3 -27.9004 0.0008 18.3626 0 -9.71445e-17 0 1 0
-9.25 -27.7504 0.0008 18.2612 0 1.04083e-16 0 1 0
-9.2 -27.6004 0.0008 18.1598 0 1.17961e-16 0 1 0
-9.15 -27.4504 0.0008 18.0584 0 2.15106e-16 0 1 0
-9.1 -27.3004 0.0008 17.9569 0 -5.89806e-17 0 1 0
-9.05 -27.1504 0.0008 17.8555 0 -1.10155e-16 0 1 0
-9 -27.0004 0.0008 17.754 0 1.82146e-16 0 1 0
-8.95 -26.8504 0.0008 17.6525 0 1.77809e-17 0 1 0
-8.9 -26.7004 0.0008 17.551 0 -2.84495e-16 0 1 0
-8.85 -26.5504 0.0008 17.4494 0 2.23413e-17 0 1 0
-8.8 -26.4004 0.0008 17.3479 0 3.29597e-17 0 1 0
-8.75 -26.2504 0.0008 17.2463 0 2.15973e-16 0 1 0
-8.7 -26.1004 0.0008 17.1447 0 -1.04083e-16 0 1 0
-8.65 -25.9504 0.0008 17.0431 0 8.67362e-17 0 1 0
-8.6 -25.8004 0.0008 16.9414 0 -3.55618e-17 0 1 0
-8.55 -25.6504 0.0008 16.8398 0 4.11997e-18 0 1 0
-8.5 -25.5004 0.0008 16.7381 0 -1.63064e-16 0 1 0
-8.45 -25.3504 0.0008 16.6364 0 1.04083e-16 0 1 0
-8.4 -25.2004 0.0008 16.5347 0 2.71051e-18 0 1 0
-8.35 -25.0504 0.0008 16.4329 0 -1.82146e-17 0 1 0
-8.3 -24.9004 0.0008 16.3312 0 1.30104e-18 0 1 0
-8.25 -24.7504 0.0008 16.2294 0 8.50015e-17 0 1 0
-8.2 -24.6004 0.0008 16.1276 0 1.49186e-16 0 1 0
-8.15 -24.4504 0.0008 16.0257 0 -1.04517e-16 0 1 0
-8.1 -24.3004 0.0008 15.9239 0 8.67362e-18 0 1 0
-8.05 -24.1504 0.0008 15.822 0 5.63785e-17 0 1 0
-8 -24.0004 0.0008 15.7201 0 3.83808e-17 0 1 0
-7.95 -23.8504 0.0008 15.6182 0 2.77556e-17 0 1 0
-7.9 -23.7004 0.0008 15.5162 0 6.93889e-18 0 1 0
-7.85 -23.5504 0.0008 15.4142 0 -8.67362e-17 0 1 0
-7.8 -23.4004 0.0008 15.3122 0 5.55112e-17 0 1 0
-7.75 -23.2504 0.0008 15.2101 0 1.82146e-17 0 1 0
-7.7 -23.1004 0.0008 15.1081 0 3.51282e-17 0 1 0
-7.65 -22.9504 0.0008 15.006 0 -1.73472e-17 0 1 0
-7.6 -22.8004 0.0008 14.9038 0 -9.28077e-17 0 1 0
-7.55 -22.6504 0.0008 14.8017 0 4.47559e-16 0 1 0
-7.5 -22.5004 0.0008 14.6995 0 5.55112e-17 0 1 0
-7.45 -22.3504 0.0008 14.5972 0 -4.16334e-17 0 1 0
-7.4 -22.2004 0.0008 14.495 0 1.76129e-16 0 1 0
-7.35 -22.0504 0.0008 14.3927 0 1.9082e-17 0 1 0
-7.3 -21.9004 0.0008 14.2904 0 9.2374e-17 0 1 0
-7.25 -21.7504 0.0008 14.188 0 3.46945e-17 0 1 0
-7.2 -21.6004 0.0008 14.0856 0 1.05818e-16 0 1 0
-7.15 -21.4504 0.0008 13.9832 0 -1.56125e-17 0 1 0
-7.1 -21.3004 0.0008 13.8807 0 1.28356e-16 0 1 0
-7.05 -21.1504 0.0008 13.7782 0 -3.92048e-16 0 1 0
-7 -21.0004 0.0008 13.6756 0 -3.64292e-17 0 1 0
-6.95 -20.8504 0.0008 13.5731 0 1.13624e-16 0 1 0
-6.9 -20.7004 0.0008 13.4704 0 1.17961e-16 0 1 0
-6.85 -20.5504 0.0008 13.3678 0 -5.31259e-18 0 1 0
-6.8 -20.4004 0.0008 13.2651 0 9.75782e-18 0 1 0
-6.75 -20.2504 0.0008 13.1623 0 -1.15793e-16 0 1 0
-6.7 -20.1004 0.0008 13.0595 0 1.56125e-17 0 1 0
-6.65 -19.9504 0.0008 12.9567 0 3.42066e-17 0 1 0
-6.6 -19.8004 0.0008 12.8538 0 -4.68375e-17 0 1 0
-6.55 -19.6504 0.0008 12.7508 0 -8.67362e-18 0 1 0
-6.5 -19.5004 0.0008 12.6479 0 5.20417e-18 0 1 0
-6.45 -19.3504 0.0008 12.5448 0 -3.10082e-17 0 1 0
-6.4 -19.2004 0.0008 12.4417 0 -7.24247e-17 0 1 0
-6.35 -19.0504 0.0008 12.3386 0 1.27936e-16 0 1 0
-6.3 -18.9004 0.0008 12.2354 0 -2.77556e-17 0 1 0
-6.25 -18.7504 0.0008 12.1321 0 -2.42861e-16 0 1 0
-6.2 -18.6004 0.0008 12.0288 0 -9.88792e-17 0 1 0
-6.15 -18.4504 0.0008 11.9255 0 -6.15827e-17 0 1 0
-6.1 -18.3004 0.0008 11.8221 0 2.08167e-17 0 1 0
-6.05 -18.1504 0.0008 11.7186 0 1.38778e-17 0 1 0
-6 -18.0004 0.0008 11.615 0 5.11743e-17 0 1 0
-5.95 -17.8504 0.0008 11.5114 0 -2.03396e-16 0 1 0
-5.9 -17.7004 0.0008 11.4078 0 -1.19696e-16 0 1 0
-5.85 -17.5504 0.0008 11.304 0 6.98226e-17 0 1 0
-5.8 -17.4004 0.0008 11.2002 0 -4.68375e-17 0 1 0
-5.75 -17.2504 0.0008 11.0963 0 -1.31839e-16 0 1 0
-5.7 -17.1004 0.0008 10.9924 0 -6.59195e-17 0 1 0
-5.65 -16.9504 0.0008 10.8883 0 -1.31839e-16 0 1 0
-5.6 -16.8004 0.0008 10.7842 0 -4.85723e-17 0 1 0
-5.55 -16.6504 0.0008 10.68 0 3.1225e-17 0 1 0
-5.5 -16.5004 0.0008 10.5758 0 -1.56125e-17 0 1 0
-5.45 -16.3504 0.0008 10.4714 0 -2.25514e-17 0 1 0
-5.4 -16.2004 0.0008 10.367 0 -1.27502e-16 0 1 0
-5.35 -16.0504 0.0008 10.2625 0 9.02056e-17 0 1 0
-5.3 -15.9004 0.0008 10.1578 0 7.11237e-17 0 1 0
-5.25 -15.7504 0.0008 10.0531 0 -2.08167e-17 0 1 0
-5.2 -15.6004 0.0008 9.94832 0 1.07119e-16 0 1 0
-5.15 -15.4504 0.0008 9.84341 0 2.43729e-16 0 1 0
-5.1 -15.3004 0.0008 9.7384 0 8.67362e-17 0 1 0
-5.05 -15.1504 0.0008 9.63329 0 4.16334e-17 0 1 0
-5 -15.0004 0.0008 9.52806 0 -7.69784e-17 0 1 0
-4.95 -14.8504 0.0008 9.42273 0 -6.41848e-17 0 1 0
-4.9 -14.7004 0.0008 9.31728 0 3.41741e-16 0 1 0
-4.85 -14.5504 0.0008 9.21171 0 -1.49186e-16 0 1 0
-4.8 -14.4004 0.0008 9.10602 0 9.18861e-18 0 1 0
-4.75 -14.2504 0.0008 9.0002 0 -1.42247e-16 0 1 0
-4.7 -14.1004 0.0008 8.89425 0 -6.93889e-18 0 1 0
-4.65 -13.9504 0.0008 8.78817 0 3.74185e-17 0 1 0
-4.6 -13.8004 0.0008 8.68195 0 1.42247e-16 0 1 0
-4.55 -13.6504 0.0008 8.57558 0 -1.11456e-16 0 1 0
-4.5 -13.5004 0.0008 8.46907 0 -2.42861e-17 0 1 0
-4.45 -13.3504 0.0008 8.36241 0 2.3679e-16 0 1 0
-4.4 -13.2004 0.0008 8.25558 0 -8.67362e-18 0 1 0
-4.35 -13.0504 0.0008 8.1486 0 -1.34441e-16 0 1 0
-4.3 -12.9004 0.0008 8.04144 0 -6.59195e-17 0 1 0
-4.25 -12.7504 0.0008 7.93412 0 -1.73472e-17 0 1 0
-4.2 -12.6004 0.0008 7.82661 0 1.9559e-16 0 1 0
-4.15 -12.4504 0.0008 7.71891 0 -3.13334e-17 0 1 0
-4.1 -12.3004 0.0008 7.61103 0 1.13624e-16 0 1 0
-4.05 -12.1504 0.0008 7.50294 0 1.12672e-28 0 1 0
-4 -12.0004 0.0008 7.39465 0 -2.41127e-16 0 1 0
-3.95 -11.8504 0.0008 7.28614 0 2.15539e-16 0 1 0
-3.9 -11.7004 0.0008 7.17742 0 -3.38271e-17 0 1 0
-3.85 -11.5504 0.0008 7.06846 0 -2.93168e-16 0 1 0
-3.8 -11.4004 0.0008 6.95927 0 -5.9848e-17 0 1 0
-3.75 -11.2504 0.0008 6.84983 0 5.55112e-17 0 1 0
-3.7 -11.1004 0.0008 6.74014 0 -3.9465e-17 0 1 0
-3.65 -10.9504 0.0008 6.63018 0 5.81132e-17 0 1 0
-3.6 -10.8004 0.0008 6.51996 0 -8.58688e-17 0 1 0
-3.55 -10.6504 0.0008 6.40944 0 1.10155e-16 0 1 0
-3.5 -10.5004 0.0008 6.29864 0 -2.08167e-16 0 1 0
-3.45 -10.3504 0.0008 6.18753 0 -5.0307e-17 0 1 0
-3.4 -10.2004 0.0008 6.0761 0 8.67362e-18 0 1 0
-3.35 -10.0504 0.0008 5.96435 0 1.5439e-16 0 1 0
-3.3 -9.9004 0.0008 5.85225 0 2.97071e-17 0 1 0
-3.25 -9.7504 0.0008 5.7398 0 -1.37043e-16 0 1 0
-3.2 -9.6004 0.0008 5.62699 0 -6.85216e-17 0 1 0
-3.15 -9.4504 0.0008 5.51379 0 1.73472e-17 0 1 0
-3.1 -9.3004 0.0008 5.4002 0 -2.36031e-16 0 1 0
-3.05 -9.1504 0.0008 5.2862 0 -1.25767e-16 0 1 0
-3 -9.0004 0.0008 5.17177 0 9.2374e-17 0 1 0
-2.95 -8.8504 0.0008 5.0569 0 1.38778e-16 0 1 0
-2.9 -8.7004 0.0008 4.94158 0 2.08167e-17 0 1 0
-2.85 -8.5504 0.0008 4.82577 0 -3.46945e-17 0 1 0
-2.8 -8.4004 0.0008 4.70948 0 -9.54098e-18 0 1 0
-2.75 -8.2504 0.0008 4.59266 0 6.08237e-17 0 1 0
-2.7 -8.1004 0.0008 4.47532 0 3.10516e-16 0 1 0
-2.65 -7.9504 0.0008 4.35742 0 -3.52583e-16 0 1 0
-2.6 -7.8004 0.0008 4.23895 0 1.31839e-16 0 1 0
-2.55 -7.6504 0.0008 4.11988 0 9.19403e-17 0 1 0
-2.5 -7.5004 0.0008 4.0002 0 -3.53884e-16 0 1 0
-2.45 -7.3504 0.0008 3.87988 0 -9.5464e-17 0 1 0
-2.4 -7.2004 0.0008 3.75889 0 -2.34405e-16 0 1 0
-2.35 -7.0504 0.0008 3.63721 0 -9.24824e-17 0 1 0
-2.3 -6.9004 0.0008 3.51483 0 6.41848e-17 0 1 0
-2.25 -6.7504 0.0008 3.3917 0 8.67362e-17 0 1 0
-2.2 -6.6004 0.0008 3.26782 0 -2.25514e-17 0 1 0
-2.15 -6.4504 0.0008 3.14315 0 -1.91362e-17 0 1 0
-2.1 -6.3004 0.0008 3.01766 0 3.19081e-16 0 1 0
-2.05 -6.1504 0.0008 2.89133 0 -9.71445e-17 0 1 0
-2 -6.0004 0.0008 2.76413 0 -1.16226e-16 0 1 0
-1.95 -5.8504 0.0008 2.63604 0 -1.70437e-16 0 1 0
-1.9 -5.7004 0.0008 2.50703 0 -3.10516e-16 0 1 0
-1.85 -5.5504 0.0008 2.37707 0 -1.17094e-16 0 1 0
-1.8 -5.4004 0.0008 2.24613 0 2.25514e-17 0 1 0
-1.75 -5.2504 0.0008 2.1142 0 8.84709e-17 0 1 0
-1.7 -5.1004 0.0008 1.98124 0 7.47015e-17 0 1 0
-1.65 -4.9504 0.0008 1.84723 0 -5.89806e-17 0 1 0
-1.6 -4.8004 0.0008 1.71214 0 -1.56125e-16 0 1 0
-1.55 -4.6504 0.0008 1.57595 0 8.67362e-17 0 1 0
-1.5 -4.5004 0.0008 1.43865 0 1.21431e-16 0 1 0
-1.45 -4.3504 0.0008 1.3002 0 4.55365e-17 0 1 0
-1.4 -4.2004 0.0008 1.16059 0 -1.00614e-16 0 1 0
-1.35 -4.0504 0.0008 1.01981 0 5.85469e-17 0 1 0
-1.3 -3.9004 0.0008 0.877825 0 -3.46945e-18 0 1 0
-1.25 -3.7504 0.0008 0.734636 0 -6.85216e-17 0 1 0
-1.2 -3.6004 0.0008 0.590225 0 7.50268e-17 0 1 0
-1.15 -3.4504 0.0008 0.444583 0 1.9082e-17 0 1 0
-1.1 -3.3004 0.0008 0.297702 0 2.94903e-17 0 1 0
-1.05 -3.1504 0.0008 0.149575 0 -7.03105e-17 0 1 0
-1 -3.0004 0.0002 0.0004 0 -1.99493e-16 0 1 0
-0.95 -3.05164 0.0508138 0.0512138 4.16334e-16 3.42304e-19 0 -1.38778e-17 0
-0.9 -3.10644 0.103743 0.104143 -4.16334e-17 -1.0958e-16 0 -1.38778e-17 0
-0.85 -3.16424 0.158423 0.158823 1.52656e-16 6.12299e-17 0 -1.38778e-17 0
-0.8 -3.22486 0.21469 0.21509 2.35922e-16 -1.21414e-17 0 -1.38778e-17 0
-0.75 -3.28815 0.27239 0.27279 7.97973e-17 3.99604e-17 0 -1.73472e-17 0
-0.7 -3.35395 0.331377 0.331777 -3.46945e-18 1.82273e-17 0 -3.46945e-18 0
-0.65 -3.42211 0.391516 0.391916 -5.55112e-17 1.05819e-16 0 -1.38778e-17 0
-0.6 -3.49249 0.452683 0.453083 -5.55112e-17 7.04088e-17 0 -1.38778e-17 0
-0.55 -3.56496 0.514764 0.515164 1.38778e-17 3.78528e-18 0 1.38778e-17 0
-0.5 -3.63941 0.577657 0.578057 1.38778e-16 -6.77429e-18 0 1.38778e-17 0
-0.45 -3.71572 0.641272 0.641672 1.8735e-16 -6.83092e-17 0 -6.93889e-18 0
-0.4 -3.79379 0.705528 0.705928 -5.55112e-17 -6.65154e-19 0 1.38778e-17 0
-0.35 -3.87353 0.770354 0.770754 2.42861e-16 -4.34402e-18 0 -6.93889e-18 0
-0.3 -3.95485 0.835688 0.836088 2.28983e-16 -4.06454e-17 0 6.93889e-18 0
-0.25 -4.03768 0.901478 0.901878 2.28983e-16 1.104e-17 0 -6.93889e-18 0
-0.2 -4.12194 0.967676 0.968076 -6.93889e-18 5.10338e-17 0 -6.93889e-18 0
-0.15 -4.20758 1.03424 1.03464 -1.59595e-16 1.14286e-17 0 6.93889e-18 0
-0.1 -4.29452 1.10115 1.10155 -1.8735e-16 4.93352e-17 0 -2.08167e-17 0
-0.05 -4.38272 1.16837 1.16877 2.22045e-16 3.61778e-17 0 2.46519e-32 0
7.64666e-15 -4.47214 1.23587 1.23627 -4.64906e-16 -1.29643e-17 0 6.93889e-18 0
0.05 -4.56271 1.30364 1.30404 1.11022e-16 4.27792e-19 0 1.38778e-17 0
0.1 -4.65441 1.37166 1.37206 1.11022e-16 -5.51669e-18 0 1.54074e-32 0
0.15 -4.74719 1.43993 1.44033 1.38778e-17 8.68172e-18 0 3.08149e-32 0
0.2 -4.84101 1.50843 1.50883 -1.38778e-17 -3.22189e-18 0 2.46519e-32 0
0.25 -4.93586 1.57716 1.57756 6.93889e-18 -1.53171e-17 0 -6.93889e-18 0
0.3 -5.03169 1.64612 1.64652 2.08167e-16 -3.00308e-18 0 -1.38778e-17 0
0.35 -5.12848 1.71529 1.71569 3.33067e-16 5.49308e-19 0 0 0
0.4 -5.2262 1.78469 1.78509 6.16298e-33 1.80779e-17 0 1.38778e-17 0
0.45 -5.32483 1.8543 1.8547 4.09395e-16 -1.03178e-17 0 6.93889e-18 0
0.5 -5.42434 1.92414 1.92454 2.56739e-16 -1.2326e-32 0 -6.93889e-18 0
0.55 -5.52472 1.99421 1.99461 1.38778e-17 4.93708e-18 0 1.38778e-17 0
0.6 -5.62595 2.0645 2.0649 1.11022e-16 1.08272e-17 0 9.86076e-32 0
0.65 -5.728 2.13502 2.13542 -1.11022e-16 2.84305e-19 0 9.26854e-34 0
0.7 -5.83086 2.20578 2.20618 -2.498e-16 -1.2753e-17 0 1.84889e-31 0
0.75 -5.93451 2.27678 2.27718 -1.11022e-16 -8.56382e-19 0 0 0
0.8 -6.03894 2.34801 2.34841 -3.19189e-16 4.1049e-18 0 1.38778e-17 0
0.85 -6.14413 2.4195 2.4199 -4.996e-16 -4.61415e-18 0 0 0
0.9 -6.25006 2.49124 2.49164 1.11022e-16 -3.58854e-18 0 6.16298e-33 0
0.95 -6.35672 2.56323 2.56363 -9.71445e-17 -4.51524e-19 0 1.38778e-17 0
1 -6.4641 2.63547 2.63567 2.498e-16 -1.47911e-31 0 2.46519e-32 0
1.05 -6.57219 2.62219 2.70799 1.11022e-16 -7.72936e-20 0 0 0
1.1 -6.68096 2.60775 2.78076 -1.11022e-16 2.47125e-18 0 1.84889e-32 0
1.15 -6.79042 2.59247 2.85381 3.88578e-16 -1.50102e-18 0 4.93038e-32 0
1.2 -6.90054 2.57644 2.92713 -6.93889e-16 3.54223e-19 0 9.86076e-32 0
1.25 -7.01132 2.55976 3.00072 2.77556e-16 -1.39897e-18 0 0 0
1.3 -7.12275 2.5425 3.0746 2.77556e-16 -8.24993e-19 0 2.46519e-32 0
1.35 -7.23481 2.52475 3.14875 -1.11022e-16 1.48405e-18 0 6.77927e-32 0
1.4 -7.34749 2.50656 3.22319 1.05471e-15 9.39398e-18 0 9.86076e-32 0
1.45 -7.46078 2.488 3.29791 -3.88578e-16 1.88197e-18 0 8.62817e-32 0
1.5 -7.57467 2.46912 3.37291 0 -5.98044e-18 0 3.08149e-33 0
1.55 -7.68916 2.44999 3.4482 0 2.93608e-18 0 6.16298e-33 0
1.6 -7.80423 2.43063 3.52378 -6.38378e-16 -7.16399e-18 0 0 0
1.65 -7.91987 2.41111 3.59965 -2.77556e-16 -1.88004e-18 0 4.93038e-32 0
1.7 -8.03607 2.39145 3.67581 3.88578e-16 2.52156e-17 0 0 0
1.75 -8.15282 2.37169 3.75226 2.22045e-16 -1.40392e-17 0 0 0
1.8 -8.27012 2.35187 3.82899 -8.32667e-17 -9.79868e-18 0 2.77556e-17 0
1.85 -8.38795 2.332 3.90601 9.71445e-16 4.758e-18 0 4.93038e-32 0
1.9 -8.50631 2.31213 3.98333 2.91434e-16 1.46641e-18 0 1.38778e-17 0
1.95 -8.62518 2.29226 4.06093 2.498e-16 -1.5387e-18 0 4.93038e-32 0
2 -8.74456 2.27243 4.13881 -2.77556e-16 1.72509e-17 0 0 0
2.05 -8.86444 2.25264 4.21698 1.7486e-15 5.37933e-18 0 0 0
2.1 -8.98481 2.23293 4.29544 2.91434e-16 -4.50041e-18 0 1.38778e-17 0
2.15 -9.10566 2.2133 4.37417 -4.71845e-16 4.93691e-18 0 -2.77556e-17 0
2.2 -9.22699 2.19377 4.45319 5.55112e-16 -1.15896e-17 0 0 0
2.25 -9.34877 2.17435 4.53249 9.24446e-33 5.58182e-18 0 6.77927e-32 0
2.3 -9.47102 2.15505 4.61206 1.38778e-17 5.77064e-19 0 1.38778e-17 0
2.35 -9.59372 2.13588 4.69191 0 -7.74411e-18 0 0 0
2.4 -9.71685 2.11685 4.77204 2.77556e-16 1.22819e-18 0 0 0
2.45 -9.84042 2.09797 4.85243 -5.55112e-16 9.53317e-18 0 2.46519e-32 0
2.5 -9.96442 2.07925 4.93309 4.44089e-16 1.14592e-17 0 2.46519e-32 0
2.55 -10.0888 2.06069 5.01401 9.99201e-16 3.84014e-17 0 0 0
2.6 -10.2137 2.0423 5.0952 1.94289e-15 7.5383e-18 0 0 0
2.65 -10.3389 2.02408 5.17665 -7.21645e-16 7.70849e-18 0 9.86076e-32 0
2.7 -10.4645 2.00603 5.25836 -1.66533e-16 8.6341e-18 0 6.16298e-32 0
2.75 -10.5905 1.98817 5.34032 1.55431e-15 -2.46519e-32 0 0 0
2.8 -10.7169 1.97049 5.42253 1.11022e-15 2.50311e-17 0 0 0
2.85 -10.8437 1.95299 5.50499 -1.81799e-15 -6.82606e-18 0 1.38778e-17 0
2.9 -10.9708 1.93568 5.5877 9.99201e-16 1.13859e-17 0 0 0
2.95 -11.0983 1.91856 5.67065 -1.3739e-15 -1.36191e-17 0 1.38778e-17 0
3 -11.2262 1.90163 5.75385 4.62223e-33 4.65572e-17 0 4.77631e-32 0
3.05 -11.3544 1.88488 5.83727 1.66533e-16 3.12095e-17 0 0 0
3.1 -11.4829 1.86833 5.92094 7.21645e-16 8.47506e-19 0 4.93038e-32 0
3.15 -11.6118 1.85198 6.00483 -2.77556e-16 -1.46634e-17 0 0 0
3.2 -11.741 1.83581 6.08895 -2.3731e-15 -1.30238e-17 0 1.38778e-17 0
3.25 -11.8706 1.81983 6.17329 -1.11022e-16 -4.06992e-18 0 1.2326e-32 0
3.3 -12.0004 1.80405 6.25786 2.77556e-16 1.35972e-17 0 2.46519e-32 0
3.35 -12.1306 1.78845 6.34264 3.88578e-16 -3.58686e-17 0 2.46519e-32 0
3.4 -12.2611 1.77304 6.42764 9.99201e-16 -3.62374e-17 0 0 0
3.45 -12.3918 1.75783 6.51286 2.83107e-15 -3.50999e-17 0 0 0
3.5 -12.5229 1.7428 6.59828 -1.09635e-15 -1.44348e-18 0 1.38778e-17 0
3.55 -12.6543 1.72795 6.68391 -5.41234e-16 -6.53793e-17 0 1.38778e-17 0
3.6 -12.7859 1.71329 6.76974 -2.45637e-15 -4.45102e-18 0 -1.38778e-17 0
3.65 -12.9178 1.69882 6.85577 1.9984e-15 -2.54319e-17 0 0 0
3.7 -13.05 1.68452 6.94199 2.16493e-15 1.31847e-16 0 0 0
3.75 -13.1825 1.67041 7.02841 9.76996e-15 -3.82914e-17 0 0 0
3.8 -13.3152 1.65647 7.11503 -9.99201e-16 -2.1933e-17 0 -2.46519e-32 0
3.85 -13.4482 1.64271 7.20183 1.72085e-15 -8.6871e-18 0 0 0
3.9 -13.5815 1.62913 7.28881 -1.27676e-15 6.65775e-18 0 0 0
3.95 -13.715 1.61572 7.37598 -1.42941e-15 4.69986e-17 0 1.38778e-17 0
4 -13.8487 1.60248 7.46332 -4.02456e-16 -8.98639e-18 0 -1.38778e-17 0
4.05 -13.9827 1.58941 7.55085 4.44089e-16 1.56552e-17 0 0 0
4.1 -14.1169 1.5765 7.63854 -2.16493e-15 7.17648e-17 0 0 0
4.15 -14.2513 1.56376 7.72641 3.94129e-15 -5.53611e-17 0 0 0
4.2 -14.386 1.55119 7.81444 -3.6221e-15 -1.56115e-18 0 -1.38778e-17 0
4.25 -14.5209 1.53877 7.90264 -2.77556e-15 3.7692e-17 0 0 0
4.3 -14.656 1.52652 7.99101 -5.82867e-15 3.21212e-17 0 0 0
4.35 -14.7913 1.51442 8.07953 -4.44089e-16 8.9453e-19 0 4.93038e-32 0
4.4 -14.9269 1.50247 8.16821 1.11022e-16 -6.08417e-18 0 4.31408e-32 0
4.45 -15.0626 1.49068 8.25705 -7.35523e-16 -6.09684e-18 0 -1.38778e-17 0
4.5 -15.1986 1.47904 8.34604 1.11022e-16 -1.80007e-18 0 0 0
4.55 -15.3347 1.46755 8.43517 5.44009e-15 1.02877e-16 0 0 0
4.6 -15.4711 1.4562 8.52446 1.60982e-15 -2.07479e-17 0 0 0
4.65 -15.6076 1.445 8.61389 2.498e-15 8.09036e-17 0 0 0
4.7 -15.7444 1.43395 8.70346 2.498e-15 4.41874e-17 0 0 0
4.75 -15.8813 1.42303 8.79317 -6.16298e-33 1.90682e-17 0 1.84889e-32 0
4.8 -16.0184 1.41225 8.88303 -4.44089e-16 3.8736e-17 0 0 0
4.85 -16.1556 1.40161 8.97301 -4.08007e-15 -6.53637e-17 0 2.77556e-17 0
4.9 -16.2931 1.3911 9.06313 6.05072e-15 -1.20664e-17 0 0 0
4.95 -16.4307 1.38072 9.15338 -1.03251e-14 -6.76098e-18 0 0 0
5 -16.5685 1.37048 9.24376 -4.88498e-15 2.05077e-17 0 0 0
5.05 -16.7065 1.36036 9.33427 4.27436e-15 -3.9178e-18 0 0 0
5.1 -16.8446 1.35038 9.4249 -2.1233e-15 -5.55511e-17 0 -1.38778e-17 0
5.15 -16.9829 1.34051 9.51566 -6.05072e-15 -4.6367e-17 0 0 0
5.2 -17.1213 1.33077 9.60653 -9.99201e-16 1.8818e-17 0 0 0
5.25 -17.2599 1.32115 9.69753 -2.30371e-15 -2.84919e-18 0 -2.77556e-17 0
5.3 -17.3987 1.31165 9.78864 1.02696e-14 4.4356e-17 0 0 0
5.35 -17.5376 1.30227 9.87986 1.33227e-15 3.73329e-17 0 0 0
5.4 -17.6766 1.293 9.9712 2.83107e-15 3.96077e-17 0 0 0
5.45 -17.8158 1.28385 10.0627 -3.77476e-15 1.94708e-17 0 0 0
5.5 -17.9551 1.27481 10.1542 3.16414e-15 3.66208e-17 0 0 0
5.55 -18.0946 1.26588 10.2459 -3.01148e-15 5.21186e-18 0 -1.38778e-17 0
5.6 -18.2342 1.25706 10.3377 1.77636e-15 3.21458e-17 0 0 0
5.65 -18.374 1.24834 10.4295 2.55351e-15 -2.67018e-17 0 0 0
5.7 -18.5138 1.23974 10.5215 -8.88178e-16 -2.29609e-17 0 4.93038e-32 0
5.75 -18.6538 1.23123 10.6136 1.60982e-15 -4.88298e-18 0 0 0
5.8 -18.794 1.22283 10.7058 7.43849e-15 3.20616e-17 0 0 0
5.85 -18.9342 1.21453 10.798 -1.66533e-16 1.5788e-17 0 3.08149e-33 0
5.9 -19.0746 1.20633 10.8904 -6.88338e-15 2.86701e-17 0 0 0
5.95 -19.2151 1.19822 10.9829 -3.73312e-15 -6.23588e-17 0 -1.38778e-17 0
6 -19.3557 1.19022 11.0754 8.43769e-15 2.42185e-17 0 0 0
6.05 -19.4965 1.1823 11.1681 -6.78624e-15 -1.42165e-16 0 -1.38778e-17 0
6.1 -19.6373 1.17449 11.2608 -2.10942e-15 7.35316e-18 0 0 0
6.15 -19.7783 1.16676 11.3536 1.16573e-15 5.17107e-18 0 0 0
6.2 -19.9194 1.15912 11.4466 1.33227e-15 -2.22743e-17 0 0 0
6.25 -20.0606 1.15157 11.5396 -8.27116e-15 2.97235e-17 0 0 0
6.3 -20.2019 1.14412 11.6326 -8.45157e-15 9.00782e-17 0 -1.38778e-17 0
6.35 -20.3433 1.13674 11.7258 1.02141e-14 -6.32576e-17 0 0 0
6.4 -20.4848 1.12945 11.8191 8.32667e-15 -7.74035e-18 0 0 0
6.45 -20.6264 1.12225 11.9124 -1.43219e-14 1.25124e-17 0 0 0
6.5 -20.7681 1.11513 12.0058 -1.65146e-15 -9.53725e-17 0 1.38778e-17 0
6.55 -20.9099 1.10809 12.0993 -1.51268e-15 9.5569e-19 0 -1.38778e-17 0
6.6 -21.0518 1.10113 12.1928 5.88418e-15 7.6881e-18 0 0 0
6.65 -21.1938 1.09425 12.2865 8.43769e-15 1.96512e-17 0 0 0
6.7 -21.3359 1.08745 12.3802 -3.17801e-15 1.97563e-16 0 -1.38778e-17 0
6.75 -21.4781 1.08072 12.474 2.49245e-14 -6.28054e-17 0 0 0
6.8 -21.6203 1.07407 12.5678 -3.16414e-15 5.94363e-18 0 0 0
6.85 -21.7627 1.06749 12.6617 -1.13243e-14 -1.33004e-17 0 0 0
6.9 -21.9052 1.06099 12.7557 -4.21885e-15 -4.06847e-17 0 0 0
6.95 -22.0477 1.05456 12.8498 -3.33067e-15 -3.63487e-17 0 0 0
7 -22.1903 1.0482 12.9439 1.13243e-14 -1.27324e-16 0 0 0
7.05 -22.333 1.04191 13.0381 -2.27596e-15 1.90958e-17 0 0 0
7.1 -22.4758 1.03569 13.1324 -1.13798e-14 1.59263e-18 0 0 0
7.15 -22.6187 1.02953 13.2267 1.05471e-15 8.70918e-17 0 0 0
7.2 -22.7617 1.02345 13.3211 -4.71845e-15 -1.70155e-16 0 0 0
7.25 -22.9047 1.01742 13.4155 -6.10623e-16 1.55964e-16 0 0 0
7.3 -23.0478 1.01147 13.5101 4.55191e-15 -3.0259e-18 0 0 0
7.35 -23.191 1.00558 13.6046 7.21645e-16 -1.00376e-16 0 4.93038e-32 0
7.4 -23.3343 0.999749 13.6993 4.82947e-15 -4.3545e-17 0 0 0
7.45 -23.4776 0.993983 13.794 -1.4766e-14 -5.80365e-17 0 0 0
7.5 -23.621 0.988277 13.8887 -7.42462e-15 -5.10648e-18 0 1.38778e-17 0
7.55 -23.7645 0.982633 13.9835 -1.30451e-14 -1.99753e-18 0 0 0
7.6 -23.9081 0.977047 14.0784 -7.77156e-15 6.78098e-17 0 0 0
7.65 -24.0517 0.97152 14.1733 4.38538e-15 -4.12174e-18 0 0 0
7.7 -24.1954 0.966052 14.2683 -1.02696e-15 8.14646e-18 0 2.77556e-17 0
7.75 -24.3391 0.96064 14.3633 -2.1233e-15 3.97963e-17 0 -1.38778e-17 0
7.8 -24.483 0.955284 14.4584 -3.37038e-34 4.53125e-17 0 4.33334e-34 0
7.85 -24.6269 0.949983 14.5535 -2.33147e-15 2.54288e-17 0 0 0
7.9 -24.7708 0.944737 14.6487 -9.76996e-15 2.92605e-18 0 0 0
7.95 -24.9148 0.939545 14.7439 -1.3281e-14 -2.1376e-17 0 -1.38778e-17 0
8 -25.0589 0.934406 14.8392 -7.77156e-15 3.36204e-17 0 0 0
8.05 -25.2031 0.929319 14.9345 -1.02141e-14 -8.53255e-17 0 0 0
8.1 -25.3473 0.924284 15.0299 -8.42382e-15 -6.08335e-17 0 1.38778e-17 0
8.15 -25.4915 0.9193 15.1253 -2.53131e-14 2.03298e-17 0 0 0
8.2 -25.6359 0.914365 15.2208 -3.41394e-15 -9.72622e-18 0 -2.77556e-17 0
8.25 -25.7803 0.90948 15.3163 4.88498e-15 -1.50341e-16 0 0 0
8.3 -25.9247 0.904644 15.4119 9.60343e-15 9.70788e-18 0 0 0
8.35 -26.0692 0.899856 15.5075 7.77156e-16 -2.72162e-17 0 0 0
8.4 -26.2137 0.895115 15.6031 -8.5626e-15 8.0612e-17 0 -1.38778e-17 0
8.45 -26.3584 0.890421 15.6988 -2.07473e-14 -1.1089e-16 0 1.38778e-17 0
8.5 -26.503 0.885773 15.7946 -1.83187e-15 -4.04963e-17 0 0 0
8.55 -26.6477 0.881171 15.8904 1.21014e-14 2.56927e-17 0 0 0
8.6 -26.7925 0.876613 15.9862 4.44089e-16 -1.86102e-17 0 0 0
8.65 -26.9373 0.872099 16.082 6.10623e-16 -1.76763e-17 0 0 0
8.7 -27.0822 0.86763 16.178 1.05471e-15 -2.86929e-17 0 0 0
8.75 -27.2271 0.863203 16.2739 -3.26406e-14 6.99229e-17 0 0 0
8.8 -27.3721 0.858818 16.3699 -5.06539e-15 -1.14074e-17 0 -1.38778e-17 0
8.85 -27.5171 0.854476 16.4659 -1.7028e-14 9.39716e-17 0 1.38778e-17 0
8.9 -27.6622 0.850175 16.562 -2.16493e-15 7.05599e-17 0 0 0
8.95 -27.8073 0.845914 16.6581 7.32747e-15 -7.88788e-17 0 0 0
9 -27.9525 0.841694 16.7542 3.05311e-15 2.09165e-17 0 0 0
9.05 -28.0977 0.837514 16.8504 -5.06539e-15 -7.30821e-17 0 -1.38778e-17 0
9.1 -28.2429 0.833373 16.9466 4.88498e-15 -7.51646e-17 0 0 0
9.15 -28.3882 0.82927 17.0429 5.66214e-15 1.21169e-16 0 0 0
9.2 -28.5336 0.825205 17.1392 1.18239e-14 7.43544e-18 0 0 0
9.25 -28.679 0.821179 17.2355 5.71765e-15 -9.04839e-17 0 0 0
9.3 -28.8244 0.817189 17.3318 1.84297e-14 -5.72641e-17 0 0 0
9.35 -28.9699 0.813236 17.4282 -2.80886e-14 -7.65725e-17 0 0 0
9.4 -29.1154 0.809319 17.5246 -3.05311e-15 3.85823e-18 0 0 0
9.45 -29.261 0.805438 17.6211 9.99201e-15 1.16523e-17 0 0 0
9.5 -29.4066 0.801592 17.7176 3.21965e-15 -1.97558e-17 0 0 0
9.55 -29.5522 0.797781 17.8141 -3.11001e-14 2.429e-17 0 -1.38778e-17 0
9.6 -29.6979 0.794004 17.9107 1.01585e-14 -3.19945e-17 0 0 0
9.65 -29.8436 0.790262 18.0072 -7.63278e-16 6.6812e-17 0 1.38778e-17 0
9.7 -29.9894 0.786553 18.1039 -7.04992e-15 -3.97962e-17 0 0 0
9.75 -30.1352 0.782876 18.2005 7.21645e-16 4.16778e-17 0 0 0
9.8 -30.281 0.779233 18.2972 -8.17402e-15 -3.34963e-17 0 -1.38778e-17 0
9.85 -30.4269 0.775622 18.3939 4.38538e-14 -6.3641e-18 0 0 0
9.9 -30.5728 0.772042 18.4906 -2.05946e-14 4.64454e-17 0 0 0
9.95 -30.7187 0.768494 18.5874 1.41553e-14 1.00344e-17 0 0 0
