-10 -50.0005 0.001 36.7641 0.2 -3.88578e-17 0 1 0
-9.95 -49.7505 0.001 36.5641 0.2 -5.89806e-17 0 1 0
-9.9 -49.5005 0.001 36.3641 0.2 6.59195e-17 0 1 0
-9.85 -49.2505 0.001 36.1641 0.2 -4.51028e-17 0 1 0
-9.8 -49.0005 0.001 35.9641 0.2 -2.50234e-17 0 1 0
-9.75 -48.7505 0.001 35.7641 0.2 -1.07553e-16 0 1 0
-9.7 -48.5005 0.001 35.5641 0.2 -2.60902e-16 0 1 0
-9.65 -48.2505 0.001 35.3641 0.2 -3.46945e-17 0 1 0
-9.6 -48.0005 0.001 35.1641 0.2 7.77156e-17 0 1 0
-9.55 -47.7505 0.001 34.9641 0.2 1.05038e-16 0 1 0
-9.5 -47.5005 0.001 34.7641 0.2 6.12357e-17 0 1 0
-9.45 -47.2505 0.001 34.5641 0.2 -2.85145e-18 0 1 0
-9.4 -47.0005 0.001 34.3641 0.2 1.8735e-17 0 1 0
-9.35 -46.7505 0.001 34.1641 0.2 4.44089e-17 0 1 0
-9.3 -46.5005 0.001 33.9641 0.2 1.73472e-17 0 1 0
-9.25 -46.2505 0.001 33.7641 0.2 -4.71845e-17 0 1 0
-9.2 -46.0005 0.001 33.5641 0.2 -8.46545e-17 0 1 0
-9.15 -45.7505 0.001 33.3641 0.2 -1.58901e-16 0 1 0
-9.1 -45.5005 0.001 33.1641 0.2 -2.08514e-16 0 1 0
-9.05 -45.2505 0.001 32.9641 0.2 4.89192e-17 0 1 0
-9 -45.0005 0.001 32.7641 0.2 2.91434e-17 0 1 0
-8.95 -44.7505 0.001 32.5641 0.2 -2.66714e-18 0 1 0
-8.9 -44.5005 0.001 32.3641 0.2 -1.12728e-28 0 1 0
-8.85 -44.2505 0.001 32.1641 0.2 2.3679e-17 0 1 0
-8.8 -44.0005 0.001 31.9641 0.2 -2.39392e-17 0 1 0
-8.75 -43.7505 0.001 31.7641 0.2 -1.94289e-17 0 1 0
-8.7 -43.5005 0.001 31.5641 0.2 1.64452e-16 0 1 0
-8.65 -43.2505 0.001 31.3641 0.2 -5.41234e-17 0 1 0
-8.6 -43.0005 0.001 31.1641 0.2 -3.11383e-17 0 1 0
-8.55 -42.7505 0.001 30.9641 0.2 -1.09721e-16 0 1 0
-8.5 -42.5005 0.001 30.7641 0.2 1.17267e-16 0 1 0
-8.45 -42.2505 0.001 30.5641 0.2 5.58581e-17 0 1 0
-8.4 -42.0005 0.001 30.3641 0.2 -3.88578e-17 0 1 0
-8.35 -41.7505 0.001 30.1641 0.2 -4.39752e-17 0 1 0
-8.3 -41.5005 0.001 29.9641 0.2 2.08167e-18 0 1 0
-8.25 -41.2505 0.001 29.7641 0.2 -8.18789e-17 0 1 0
-8.2 -41.0005 0.001 29.5641 0.2 -9.71445e-18 0 1 0
-8.15 -40.7505 0.001 29.3641 0.2 -1.56559e-17 0 1 0
-8.1 -40.5005 0.001 29.1641 0.2 8.32667e-17 0 1 0
-8.05 -40.2505 0.001 28.9641 0.2 -2.81025e-17 0 1 0
-8 -40.0005 0.001 28.7641 0.2 -8.25728e-17 0 1 0
-7.95 -39.7505 0.001 28.5641 0.2 8.53484e-17 0 1 0
-7.9 -39.5005 0.001 28.3641 0.2 7.21645e-17 0 1 0
-7.85 -39.2505 0.001 28.1641 0.2 3.42906e-17 0 1 0
-7.8 -39.0005 0.001 27.9641 0.2 1.73472e-19 0 1 0
-7.75 -38.7505 0.001 27.7641 0.2 4.12864e-17 0 1 0
-7.7 -38.5005 0.001 27.5641 0.2 -4.71845e-17 0 1 0
-7.65 -38.2505 0.001 27.3641 0.2 3.05311e-17 0 1 0
-7.6 -38.0005 0.001 27.1641 0.2 -5.0307e-18 0 1 0
-7.55 -37.7505 0.001 26.9641 0.2 -1.25507e-16 0 1 0
-7.5 -37.5005 0.001 26.7641 0.2 4.85723e-17 0 1 0
-7.45 -37.2505 0.001 26.5641 0.2 -8.84709e-18 0 1 0
-7.4 -37.0005 0.001 26.3641 0.2 -5.37764e-18 0 1 0
-7.35 -36.7505 0.001 26.1641 0.2 -4.54498e-17 0 1 0
-7.3 -36.5005 0.001 25.9641 0.2 -4.16334e-18 0 1 0
-7.25 -36.2505 0.001 25.7641 0.2 -6.66134e-17 0 1 0
-7.2 -36.0005 0.001 25.5641 0.2 -2.00361e-17 0 1 0
-7.15 -35.7505 0.001 25.3641 0.2 4.30211e-17 0 1 0
-7.1 -35.5005 0.001 25.1641 0.2 1.38778e-18 0 1 0
-7.05 -35.2505 0.001 24.9641 0.2 4.02456e-17 0 1 0
-7 -35.0005 0.001 24.7641 0.2 2.02963e-17 0 1 0
-6.95 -34.7505 0.001 24.5641 0.2 -1.73472e-19 0 1 0
-6.9 -34.5005 0.001 24.3641 0.2 -9.02056e-18 0 1 0
-6.85 -34.2505 0.001 24.1641 0.2 1.38778e-17 0 1 0
-6.8 -34.0005 0.001 23.9641 0.2 -1.249e-16 0 1 0
-6.75 -33.7505 0.001 23.7641 0.2 -7.28584e-18 0 1 0
-6.7 -33.5005 0.001 23.5641 0.2 2.498e-17 0 1 0
-6.65 -33.2505 0.001 23.3641 0.2 -7.28584e-17 0 1 0
-6.6 -33.0005 0.001 23.1641 0.2 9.19403e-17 0 1 0
-6.55 -32.7505 0.001 22.9641 0.2 6.93889e-18 0 1 0
-6.5 -32.5005 0.001 22.7641 0.2 1.17267e-16 0 1 0
-6.45 -32.2505 0.001 22.5641 0.2 -2.94903e-16 0 1 0
-6.4 -32.0005 0.001 22.3641 0.2 1.14925e-16 0 1 0
-6.35 -31.7505 0.001 22.1641 0.2 -8.54677e-17 0 1 0
-6.3 -31.5005 0.001 21.9641 0.2 -2.46331e-17 0 1 0
-6.25 -31.2505 0.001 21.7641 0.2 -2.77556e-18 0 1 0
-6.2 -31.0005 0.001 21.5641 0.2 1.80411e-17 0 1 0
-6.15 -30.7505 0.001 21.3641 0.2 1.61329e-17 0 1 0
-6.1 -30.5005 0.001 21.1641 0.2 -5.55112e-18 0 1 0
-6.05 -30.2505 0.001 20.9641 0.2 5.85252e-17 0 1 0
-6 -30.0005 0.001 20.7641 0.2 4.85723e-18 0 1 0
-5.95 -29.7505 0.001 20.5641 0.2 -1.8735e-17 0 1 0
-5.9 -29.5005 0.001 20.3641 0.2 1.33444e-16 0 1 0
-5.85 -29.2505 0.001 20.1641 0.2 -8.34402e-17 0 1 0
-5.8 -29.0005 0.001 19.9641 0.2 6.83481e-17 0 1 0
-5.75 -28.7505 0.001 19.7641 0.2 1.38778e-18 0 1 0
-5.7 -28.5005 0.001 19.5641 0.2 1.17704e-17 0 1 0
-5.65 -28.2505 0.001 19.3641 0.2 -5.15213e-17 0 1 0
-5.6 -28.0005 0.001 19.1641 0.2 2.08167e-17 0 1 0
-5.55 -27.7505 0.001 18.9641 0.2 -1.16747e-16 0 1 0
-5.5 -27.5005 0.001 18.7641 0.2 1.76942e-17 0 1 0
-5.45 -27.2505 0.001 18.5641 0.2 -1.16226e-17 0 1 0
-5.4 -27.0005 0.001 18.3641 0.2 -1.20823e-16 0 1 0
-5.35 -26.7505 0.001 18.1641 0.2 2.66714e-17 0 1 0
-5.3 -26.5005 0.001 17.9641 0.2 -1.22818e-16 0 1 0
-5.25 -26.2505 0.001 17.7641 0.2 -1.1588e-16 0 1 0
-5.2 -26.0005 0.001 17.5641 0.2 -2.51535e-17 0 1 0
-5.15 -25.7505 0.001 17.3641 0.2 -6.84348e-17 0 1 0
-5.1 -25.5005 0.001 17.1641 0.2 1.94289e-16 0 1 0
-5.05 -25.2505 0.001 16.9641 0.2 6.55725e-17 0 1 0
-5 -25.0005 0.001 16.7641 0.2 -1.98719e-29 0 1 0
-4.95 -24.7505 0.001 16.5641 0.2 -3.35669e-17 0 1 0
-4.9 -24.5005 0.001 16.3641 0.2 -2.35922e-17 0 1 0
-4.85 -24.2505 0.001 16.1641 0.2 -2.63678e-17 0 1 0
-4.8 -24.0005 0.001 15.9641 0.2 -1.08247e-16 0 1 0
-4.75 -23.7505 0.001 15.7641 0.2 3.62774e-17 0 1 0
-4.7 -23.5005 0.001 15.5641 0.2 8.41341e-17 0 1 0
-4.65 -23.2505 0.001 15.3641 0.2 -7.63278e-18 0 1 0
-4.6 -23.0005 0.001 15.1641 0.2 -1.45717e-17 0 1 0
-4.55 -22.7505 0.001 14.9641 0.2 -2.61943e-17 0 1 0
-4.5 -22.5005 0.001 14.7641 0.2 4.78784e-17 0 1 0
-4.45 -22.2505 0.001 14.5641 0.2 2.30371e-16 0 1 0
-4.4 -22.0005 0.001 14.3641 0.2 1.84748e-17 0 1 0
-4.35 -21.7505 0.001 14.1641 0.2 -4.68375e-18 0 1 0
-4.3 -21.5005 0.001 13.9641 0.2 -1.53794e-16 0 1 0
-4.25 -21.2505 0.001 13.7641 0.2 1.05818e-16 0 1 0
-4.2 -21.0005 0.001 13.5641 0.2 -1.13245e-17 0 1 0
-4.15 -20.7505 0.001 13.3641 0.2 3.50414e-17 0 1 0
-4.1 -20.5005 0.001 13.1641 0.2 -6.41848e-18 0 1 0
-4.05 -20.2505 0.001 12.9641 0.2 1.52656e-17 0 1 0
-4 -20.0005 0.001 12.7641 0.2 6.18429e-17 0 1 0
-3.95 -19.7505 0.001 12.5641 0.2 5.34295e-17 0 1 0
-3.9 -19.5005 0.001 12.3641 0.2 -1.71738e-17 0 1 0
-3.85 -19.2505 0.001 12.1641 0.2 -5.3256e-17 0 1 0
-3.8 -19.0005 0.001 11.9641 0.2 2.16128e-16 0 1 0
-3.75 -18.7505 0.001 11.7641 0.2 3.46945e-18 0 1 0
-3.7 -18.5005 0.001 11.5641 0.2 -1.59595e-17 0 1 0
-3.65 -18.2505 0.001 11.3641 0.2 4.44089e-17 0 1 0
-3.6 -18.0005 0.001 11.1641 0.2 -3.26128e-17 0 1 0
-3.55 -17.7505 0.001 10.9641 0.2 1.65146e-16 0 1 0
-3.5 -17.5005 0.001 10.7641 0.2 -2.76688e-16 0 1 0
-3.45 -17.2505 0.001 10.5641 0.2 2.92518e-16 0 1 0
-3.4 -17.0005 0.001 10.3641 0.2 1.14568e-16 0 1 0
-3.35 -16.7505 0.001 10.1641 0.2 -1.13104e-16 0 1 0
-3.3 -16.5005 0.001 9.96413 0.2 -2.77556e-17 0 1 0
-3.25 -16.2505 0.001 9.76413 0.2 -1.37477e-16 0 1 0
-3.2 -16.0005 0.001 9.56413 0.2 -1.03736e-16 0 1 0
-3.15 -15.7505 0.001 9.36413 0.2 2.92821e-16 0 1 0
-3.1 -15.5005 0.001 9.16413 0.2 -1.96891e-17 0 1 0
-3.05 -15.2505 0.001 8.96413 0.2 6.52256e-17 0 1 0
-3 -15.0005 0.001 8.76413 0.2 6.80012e-17 0 1 0
-2.95 -14.7505 0.001 8.56413 0.2 -2.85362e-17 0 1 0
-2.9 -14.5005 0.001 8.36413 0.2 4.10262e-17 0 1 0
-2.85 -14.2505 0.001 8.16413 0.2 -1.04083e-16 0 1 0
-2.8 -14.0005 0.001 7.96413 0.2 -1.23512e-16 0 1 0
-2.75 -13.7505 0.001 7.76413 0.2 8.13585e-17 0 1 0
-2.7 -13.5005 0.001 7.56413 0.2 2.42861e-18 0 1 0
-2.65 -13.2505 0.001 7.36413 0.2 9.71445e-18 0 1 0
-2.6 -13.0005 0.001 7.16413 0.2 -7.49401e-17 0 1 0
-2.55 -12.7505 0.001 6.96413 0.2 -1.27502e-16 0 1 0
-2.5 -12.5005 0.001 6.76413 0.2 6.33174e-18 0 1 0
-2.45 -12.2505 0.001 6.56413 0.2 6.38812e-17 0 1 0
-2.4 -12.0005 0.001 6.36413 0.2 2.59666e-17 0 1 0
-2.35 -11.7505 0.001 6.16413 0.2 3.58741e-16 0 1 0
-2.3 -11.5005 0.001 5.96413 0.2 3.07046e-17 0 1 0
-2.25 -11.2505 0.001 5.76413 0.2 4.85668e-17 0 1 0
-2.2 -11.0005 0.001 5.56413 0.2 -1.7087e-17 0 1 0
-2.15 -10.7505 0.001 5.36413 0.2 2.6229e-16 0 1 0
-2.1 -10.5005 0.001 5.16413 0.2 6.59195e-17 0 1 0
-2.05 -10.2505 0.001 4.96413 0.2 -9.71445e-17 0 1 0
-2 -10.0005 0.001 4.76413 0.2 8.25728e-17 0 1 0
-1.95 -9.7505 0.001 4.56413 0.2 -1.38778e-18 0 1 0
-1.9 -9.5005 0.001 4.36413 0.2 1.14492e-16 0 1 0
-1.85 -9.2505 0.001 4.16413 0.2 4.71845e-17 0 1 0
-1.8 -9.0005 0.001 3.96413 0.2 -2.28983e-17 0 1 0
-1.75 -8.7505 0.001 3.76413 0.2 4.16334e-18 0 1 0
-1.7 -8.5005 0.001 3.56413 0.2 1.04083e-18 0 1 0
-1.65 -8.2505 0.001 3.36413 0.2 9.72746e-17 0 1 0
-1.6 -8.0005 0.001 3.16413 0.2 1.38778e-18 0 1 0
-1.55 -7.7505 0.001 2.96413 0.2 3.92048e-17 0 1 0
-1.5 -7.5005 0.001 2.76413 0.2 -2.15106e-17 0 1 0
-1.45 -7.2505 0.001 2.56413 0.2 2.63678e-17 0 1 0
-1.4 -7.0005 0.001 2.36413 0.2 -8.1532e-18 0 1 0
-1.35 -6.7505 0.001 2.16413 0.2 1.30191e-16 0 1 0
-1.3 -6.5005 0.001 1.96413 0.2 6.07153e-18 0 1 0
-1.25 -6.2505 0.001 1.76413 0.2 -6.76542e-18 0 1 0
-1.2 -6.0005 0.001 1.56413 0.2 9.02056e-18 0 1 0
-1.15 -5.7505 0.001 1.36413 0.2 5.68989e-17 0 1 0
-1.1 -5.5005 0.001 1.16413 0.2 -7.44196e-17 0 1 0
-1.05 -5.2505 0.001 0.964132 0.2 2.08167e-17 0 1 0
-1 -5.0005 0.001 0.764132 0.2 -7.18176e-17 0 1 0
-0.95 -4.7505 0.001 0.564132 0.2 1.04083e-16 0 1 0
-0.9 -4.5005 0.001 0.364132 0.2 3.33067e-17 0 1 0
-0.85 -4.2505 0.001 0.164132 0.2 -1.249e-16 0 1 0
-0.8 -4.05425 1.77636e-15 0.0002 0.0816777 -2.04897e-12 0 0.2 0
-0.75 -4.10635 5.32907e-15 0.0002 0.109805 9.78074e-13 0 0.2 0
-0.7 -4.16154 3.55271e-15 0.0002 -0.0324826 1.40824e-13 0 0.2 0
-0.65 -4.21979 4.44089e-15 0.0002 0.172678 8.41473e-13 0 0.2 0
-0.6 -4.28109 8.88178e-16 0.0002 -0.0898193 -1.14908e-13 0 0.2 0
-0.55 -4.3454 8.88178e-16 0.0002 -0.0448312 -1.88759e-13 0 0.2 0
-0.5 -4.41269 5.32907e-15 0.0002 0.193993 -1.15419e-12 0 0.2 0
-0.45 -4.48291 8.88178e-16 0.0002 0.0621044 9.01851e-13 0 0.2 0
-0.4 -4.55599 7.99361e-15 0.0002 -0.0620259 -1.40333e-13 0 0.2 0
-0.35 -4.6319 1.77636e-15 0.0002 0.0119528 -8.63691e-14 0 0.2 0
-0.3 -4.71056 5.32907e-15 0.0002 -0.0904623 -7.37309e-13 0 0.2 0
-0.25 -4.79189 1.77636e-15 0.0002 0.154979 -2.01781e-11 0 0.2 0
-0.2 -4.87584 2.66454e-15 0.0002 -0.0392583 -1.84741e-10 0 0.2 0
-0.15 -4.96232 8.88178e-16 0.0002 -0.170543 -1.09625e-14 0 0.2 0
-0.1 -5.05126 0 0.0002 -0.0670223 -1.73244e-12 0 0.2 0
-0.05 -5.14257 3.55271e-15 0.0002 0.288805 -6.62538e-13 0 0.2 0
7.64666e-15 -5.23617 1.77636e-15 0.0002 0.0111334 1.76312e-13 0 0.2 0
0.05 -5.33198 7.99361e-15 0.0002 -0.220834 -6.35875e-12 0 0.2 0
0.1 -5.42992 4.44089e-15 0.0002 -0.0885419 -1.17057e-11 0 0.2 0
0.15 -5.52991 1.77636e-15 0.0002 -0.214594 2.0992e-12 0 0.2 0
0.2 -5.63187 0 0.0002 -0.215233 -2.2715e-12 0 0.2 0
0.25 -5.73572 7.99361e-15 0.0002 0.103524 1.89434e-11 0 0.2 0
0.3 -5.84137 2.66454e-15 0.0002 0.159178 1.13486e-12 0 0.2 0
0.35 -5.94876 2.66454e-15 0.0002 0.268191 1.12449e-13 0 0.2 0
0.4 -6.05782 8.88178e-15 0.0002 -0.195808 -1.48536e-12 0 0.2 0
0.45 -6.16845 7.99361e-15 0.0002 -0.16654 -3.48384e-12 0 0.2 0
0.5 -6.28061 3.55271e-15 0.0002 0.312368 -5.04949e-12 0 0.2 0
0.55 -6.39422 1.77636e-15 0.0002 0.27913 1.0028e-12 0 0.2 0
0.6 -6.50922 1.24345e-14 0.0002 -0.240383 5.87026e-13 0 0.2 0
0.65 -6.62555 8.88178e-15 0.0002 0.333227 2.13258e-11 0 0.2 0
0.7 -6.74314 2.66454e-15 0.0002 0.271081 -8.1484e-12 0 0.2 0
0.75 -6.86194 1.77636e-15 0.0002 0.341158 -1.58958e-12 0 0.2 0
0.8 -6.98189 6.21725e-15 0.0002 0.271365 5.70584e-12 0 0.2 0
0.85 -7.10295 3.55271e-15 0.0002 -0.29498 -3.47691e-12 0 0.2 0
0.9 -7.22505 8.88178e-16 0.0002 -0.109606 9.24631e-13 0 0.2 0
0.95 -7.34817 7.10543e-15 0.0002 -0.0622 -4.33856e-12 0 0.2 0
1 -7.47224 2.66454e-15 0.0002 -0.144537 1.91362e-12 0 0.2 0
1.05 -7.59722 8.88178e-16 0.0002 0.291729 -9.1115e-13 0 0.2 0
1.1 -7.72308 1.15463e-14 0.0002 0.0375215 3.1291e-12 0 0.2 0
1.15 -7.84978 7.99361e-15 0.0002 0.0984302 -1.16753e-12 0 0.2 0
1.2 -7.97727 1.77636e-15 0.0002 -0.210277 -1.02343e-13 0 0.2 0
1.25 -8.10553 1.77636e-15 0.0002 0.39432 6.22703e-13 0 0.2 0
1.3 -8.23452 1.77636e-15 0.0002 0.3989 -2.80884e-12 0 0.2 0
1.35 -8.3642 3.55271e-15 0.0002 -0.238195 9.93446e-11 0 0.2 0
1.4 -8.49455 1.77636e-15 0.0002 0.393568 1.91412e-12 0 0.2 0
1.45 -8.62554 5.32907e-15 0.0002 -0.239056 -2.26988e-12 0 0.2 0
1.5 -8.75714 1.77636e-15 0.0002 0.111135 3.87912e-10 0 0.2 0
1.55 -8.88932 1.77636e-15 0.0002 -0.261144 3.74363e-13 0 0.2 0
1.6 -9.02206 5.32907e-15 0.0002 0.298367 3.88393e-12 0 0.2 0
1.65 -9.15534 1.77636e-14 0.0002 0.0929103 -1.6667e-11 0 0.2 0
1.7 -9.28913 3.55271e-15 0.0002 0.26453 1.07326e-12 0 0.2 0
1.75 -9.42341 1.24345e-14 0.0002 0.403303 3.59687e-10 0 0.2 0
1.8 -9.55817 1.77636e-14 0.0002 -0.269017 -5.51424e-12 0 0.2 0
1.85 -9.69337 8.88178e-15 0.0002 -0.33586 -2.16811e-11 0 0.2 0
1.9 -9.82902 0 0.0002 -0.325823 -4.0176e-13 0 0.2 0
1.95 -9.96507 5.32907e-15 0.0002 0.396187 2.31586e-13 0 0.2 0
2 -10.1015 1.77636e-15 0.0002 0.143235 -7.53228e-12 0 0.2 0
2.05 -10.2384 8.88178e-15 0.0002 0.415397 -7.56849e-11 0 0.2 0
2.1 -10.3756 1.77636e-14 0.0002 -0.336595 -9.10081e-12 0 0.2 0
2.15 -10.5132 9.23706e-14 0.0002 0.405367 -8.2909e-12 0 0.2 0
2.2 -10.6511 7.63833e-14 0.0002 -0.131111 -1.35753e-12 0 0.2 0
2.25 -10.7893 7.10543e-15 0.0002 -0.13494 1.52856e-10 0 0.2 0
2.3 -10.9278 7.10543e-15 0.0002 -0.2735 -4.68625e-13 0 0.2 0
2.35 -11.0667 1.24345e-14 0.0002 0.380046 1.82834e-11 0 0.2 0
2.4 -11.2059 1.06581e-14 0.0002 -0.153247 2.99992e-10 0 0.2 0
2.45 -11.3453 1.42109e-14 0.0002 -0.159194 -9.14046e-14 0 0.2 0
2.5 -11.485 2.89546e-13 0.0002 -0.326647 -5.87592e-13 0 0.2 0
2.55 -11.625 8.88178e-15 0.0002 0.0766482 1.33199e-11 0 0.2 0
2.6 -11.7652 3.55271e-15 0.0002 -0.244935 6.34959e-11 0 0.2 0
2.65 -11.9056 1.42109e-14 0.0002 0.424685 4.47059e-13 0 0.2 0
2.7 -12.0463 1.24345e-14 0.0002 -0.293039 -1.3942e-12 0 0.2 0
2.75 -12.1872 1.77636e-14 0.0002 0.0751505 -3.51226e-12 0 0.2 0
2.8 -12.3284 1.77636e-15 0.0002 0.156328 5.18573e-12 0 0.2 0
2.85 -12.4697 1.42109e-14 0.0002 -0.28987 -5.37255e-13 0 0.2 0
2.9 -12.6113 5.32907e-15 0.0002 0.120248 -3.89966e-12 0 0.2 0
2.95 -12.7531 1.24345e-14 0.0002 0.242009 -1.31325e-12 0 0.2 0
3 -12.895 1.42109e-14 0.0002 0.277747 1.56067e-11 0 0.2 0
3.05 -13.0371 1.06581e-14 0.0002 0.159373 2.21711e-12 0 0.2 0
3.1 -13.1794 1.77636e-15 0.0002 -0.0554432 8.37707e-13 0 0.2 0
3.15 -13.3219 3.55271e-15 0.0002 -0.325658 1.827e-12 0 0.2 0
3.2 -13.4646 1.06581e-14 0.0002 -0.0211479 2.07874e-12 0 0.2 0
3.25 -13.6074 3.55271e-15 0.0002 0.438155 1.73497e-13 0 0.2 0
3.3 -13.7504 1.95399e-14 0.0002 0.0769002 -8.937e-12 0 0.2 0
3.35 -13.8935 7.10543e-15 0.0002 -0.173076 -9.61261e-12 0 0.2 0
3.4 -14.0367 5.32907e-15 0.0002 0.393665 1.7894e-11 0 0.2 0
3.45 -14.1802 5.32907e-15 0.0002 0.419396 5.16124e-12 0 0.2 0
3.5 -14.3237 1.06581e-14 0.0002 -0.0358652 4.64517e-13 0 0.2 0
3.55 -14.4674 3.37508e-14 0.0002 -0.268038 -1.91961e-12 0 0.2 0
3.6 -14.6112 5.32907e-15 0.0002 -0.157333 -3.23692e-12 0 0.2 0
3.65 -14.7551 1.42109e-14 0.0002 0.120596 -7.5241e-12 0 0.2 0
3.7 -14.8992 1.06581e-14 0.0002 -0.295262 3.14625e-12 0 0.2 0
3.75 -15.0434 5.32907e-15 0.0002 -0.352727 1.88987e-12 0 0.2 0
3.8 -15.1877 1.77636e-15 0.0002 0.30457 3.96577e-13 0 0.2 0
3.85 -15.3321 1.06581e-14 0.0002 0.417594 -8.4958e-12 0 0.2 0
3.9 -15.4766 1.77636e-15 0.0002 0.203526 -3.70131e-13 0 0.2 0
3.95 -15.6212 1.42109e-14 0.0002 -0.327722 5.41195e-12 0 0.2 0
4 -15.766 7.10543e-15 0.0002 0.157555 -1.01805e-11 0 0.2 0
4.05 -15.9108 1.77636e-15 0.0002 0.355084 -8.44712e-12 0 0.2 0
4.1 -16.0557 3.55271e-15 0.0002 -0.199604 9.9946e-12 0 0.2 0
4.15 -16.2008 3.55271e-15 0.0002 -0.307574 2.52005e-12 0 0.2 0
4.2 -16.3459 1.06581e-14 0.0002 0.428237 -1.65363e-13 0 0.2 0
4.25 -16.4911 1.77636e-14 0.0002 -0.21922 -5.59443e-12 0 0.2 0
4.3 -16.6364 1.06581e-14 0.0002 0.445372 -1.41809e-11 0 0.2 0
4.35 -16.7817 1.42109e-14 0.0002 0.291139 -1.24269e-13 0 0.2 0
4.4 -16.9272 1.06581e-14 0.0002 0.386816 1.60681e-12 0 0.2 0
4.45 -17.0727 7.10543e-15 0.0002 0.304011 -3.04878e-12 0 0.2 0
4.5 -17.2183 3.55271e-15 0.0002 -0.35824 -1.29381e-12 0 0.2 0
4.55 -17.364 1.42109e-14 0.0002 0.427276 1.79988e-12 0 0.2 0
4.6 -17.5098 1.42109e-14 0.0002 0.117902 8.77107e-12 0 0.2 0
4.65 -17.6557 1.06581e-14 0.0002 0.14782 4.12616e-12 0 0.2 0
4.7 -17.8016 2.13163e-14 0.0002 0.405286 1.36234e-12 0 0.2 0
4.75 -17.9475 1.42109e-14 0.0002 -0.345071 1.09554e-11 0 0.2 0
4.8 -18.0936 1.06581e-14 0.0002 0.149765 -2.01231e-12 0 0.2 0
4.85 -18.2397 1.77636e-14 0.0002 -0.364492 8.7246e-13 0 0.2 0
4.9 -18.3859 7.10543e-15 0.0002 0.0797495 -1.21199e-12 0 0.2 0
4.95 -18.5321 3.55271e-15 0.0002 -0.321459 1.96795e-13 0 0.2 0
5 -18.6784 1.77636e-14 0.0002 0.265712 -3.32874e-12 0 0.2 0
5.05 -18.8248 0 0.0002 0.446573 -5.205e-12 0 0.2 0
5.1 -18.9712 3.55271e-15 0.0002 -0.367393 -1.58195e-12 0 0.2 0
5.15 -19.1177 1.42109e-14 0.0002 0.346377 3.81542e-12 0 0.2 0
5.2 -19.2642 7.10543e-15 0.0002 -0.329518 -4.45604e-12 0 0.2 0
5.25 -19.4108 1.42109e-14 0.0002 0.368023 2.73778e-13 0 0.2 0
5.3 -19.5575 3.55271e-15 0.0002 0.13619 -1.23266e-12 0 0.2 0
5.35 -19.7041 7.10543e-15 0.0002 -0.253007 -1.5479e-12 0 0.2 0
5.4 -19.8509 1.77636e-14 0.0002 0.0502592 1.85217e-11 0 0.2 0
5.45 -19.9977 1.06581e-14 0.0002 0.4379 8.7195e-12 0 0.2 0
5.5 -20.1445 1.77636e-14 0.0002 0.449311 1.50932e-12 0 0.2 0
5.55 -20.2914 1.06581e-14 0.0002 0.447898 -1.90207e-11 0 0.2 0
5.6 -20.4384 0 0.0002 0.00467296 -2.27467e-12 0 0.2 0
5.65 -20.5853 2.4869e-14 0.0002 -0.21823 1.93824e-12 0 0.2 0
5.7 -20.7324 1.06581e-14 0.0002 0.450277 1.1516e-11 0 0.2 0
5.75 -20.8794 1.42109e-14 0.0002 0.10593 5.40595e-13 0 0.2 0
5.8 -21.0265 3.55271e-15 0.0002 0.195593 -1.28959e-11 0 0.2 0
5.85 -21.1737 3.19744e-14 0.0002 -0.0161048 1.86614e-11 0 0.2 0
5.9 -21.3209 7.10543e-15 0.0002 0.428071 -5.60056e-12 0 0.2 0
5.95 -21.4681 3.55271e-15 0.0002 -0.237622 -5.75731e-12 0 0.2 0
6 -21.6154 1.06581e-14 0.0002 -0.37061 4.54345e-13 0 0.2 0
6.05 -21.7627 7.10543e-15 0.0002 -0.304327 1.5696e-12 0 0.2 0
6.1 -21.91 1.77636e-14 0.0002 0.449938 1.6631e-11 0 0.2 0
6.15 -22.0574 1.06581e-14 0.0002 0.402322 3.40281e-12 0 0.2 0
6.2 -22.2048 1.42109e-14 0.0002 0.448957 -2.78837e-12 0 0.2 0
6.25 -22.3523 1.42109e-14 0.0002 0.148701 2.74758e-12 0 0.2 0
6.3 -22.4998 1.42109e-14 0.0002 0.0623031 -3.51535e-12 0 0.2 0
6.35 -22.6473 7.10543e-15 0.0002 -0.356888 -2.67823e-12 0 0.2 0
6.4 -22.7949 3.55271e-15 0.0002 -0.310687 1.74679e-12 0 0.2 0
6.45 -22.9425 1.42109e-14 0.0002 0.155866 2.26821e-12 0 0.2 0
6.5 -23.0901 1.77636e-14 0.0002 0.273094 7.44231e-12 0 0.2 0
6.55 -23.2377 2.4869e-14 0.0002 0.0150825 4.04047e-12 0 0.2 0
6.6 -23.3854 3.55271e-15 0.0002 0.38772 -1.33545e-12 0 0.2 0
6.65 -23.5331 3.55271e-15 0.0002 -0.372117 1.00591e-11 0 0.2 0
6.7 -23.6809 7.10543e-15 0.0002 -0.124606 -4.69476e-12 0 0.2 0
6.75 -23.8286 3.19744e-14 0.0002 -0.219056 6.74001e-12 0 0.2 0
6.8 -23.9764 0 0.0002 -0.302029 -2.23212e-13 0 0.2 0
6.85 -24.1243 3.55271e-15 0.0002 -0.101722 -1.81333e-12 0 0.2 0
6.9 -24.2721 1.42109e-14 0.0002 -0.26022 -1.14744e-11 0 0.2 0
6.95 -24.42 2.13163e-14 0.0002 0.412963 -3.79973e-13 0 0.2 0
7 -24.5679 3.55271e-14 0.0002 -0.159754 -3.4212e-12 0 0.2 0
7.05 -24.7158 2.84217e-14 0.0002 0.24375 -9.26226e-13 0 0.2 0
7.1 -24.8638 7.10543e-15 0.0002 0.20938 -1.27596e-11 0 0.2 0
7.15 -25.0118 1.77636e-14 0.0002 0.438279 9.86892e-12 0 0.2 0
7.2 -25.1598 1.42109e-14 0.0002 -0.0387441 3.81683e-14 0 0.2 0
7.25 -25.3078 7.10543e-15 0.0002 0.107276 -9.17227e-12 0 0.2 0
7.3 -25.4559 2.13163e-14 0.0002 -0.343397 1.78287e-11 0 0.2 0
7.35 -25.6039 1.77636e-14 0.0002 -0.373141 -1.13573e-12 0 0.2 0
7.4 -25.7521 3.55271e-15 0.0002 -0.294456 1.88291e-13 0 0.2 0
7.45 -25.9002 0 0.0002 -0.0368635 7.30216e-12 0 0.2 0
7.5 -26.0483 1.77636e-14 0.0002 0.239025 -5.49249e-12 0 0.2 0
7.55 -26.1965 1.06581e-14 0.0002 0.168074 1.77834e-12 0 0.2 0
7.6 -26.3447 0 0.0002 0.214726 7.8778e-12 0 0.2 0
7.65 -26.4929 2.84217e-14 0.0002 0.158243 1.12414e-11 0 0.2 0
7.7 -26.6411 2.13163e-14 0.0002 -0.177884 -4.54186e-11 0 0.2 0
7.75 -26.7894 7.10543e-15 0.0002 0.228658 8.26347e-12 0 0.2 0
7.8 -26.9376 1.42109e-14 0.0002 -0.247537 -9.13481e-12 0 0.2 0
7.85 -27.0859 3.55271e-15 0.0002 0.351254 -1.65134e-11 0 0.2 0
7.9 -27.2342 7.10543e-15 0.0002 0.419247 -4.56044e-13 0 0.2 0
7.95 -27.3826 0 0.0002 0.103833 -8.33115e-13 0 0.2 0
8 -27.5309 1.77636e-14 0.0002 -0.0845519 -7.60692e-12 0 0.2 0
8.05 -27.6793 1.06581e-14 0.0002 -0.0886214 7.0249e-12 0 0.2 0
8.1 -27.8276 1.42109e-14 0.0002 -0.360795 -7.31838e-12 0 0.2 0
8.15 -27.976 2.84217e-14 0.0002 0.131011 -2.54262e-13 0 0.2 0
8.2 -28.1245 3.55271e-15 0.0002 0.454276 7.09082e-13 0 0.2 0
8.25 -28.2729 3.55271e-14 0.0002 -0.365309 3.35923e-12 0 0.2 0
8.3 -28.4213 0 0.0002 0.231592 -1.64559e-12 0 0.2 0
8.35 -28.5698 2.4869e-14 0.0002 0.0801887 1.08216e-11 0 0.2 0
8.4 -28.7183 2.13163e-14 0.0002 -0.372153 -1.16735e-11 0 0.2 0
8.45 -28.8668 7.10543e-15 0.0002 0.201038 5.05234e-12 0 0.2 0
8.5 -29.0153 3.19744e-14 0.0002 0.277138 -5.526e-12 0 0.2 0
8.55 -29.1638 1.42109e-14 0.0002 0.44381 3.50614e-12 0 0.2 0
8.6 -29.3124 1.06581e-14 0.0002 -0.131399 -2.085e-11 0 0.2 0
8.65 -29.4609 4.9738e-14 0.0002 -0.160481 -2.19659e-13 0 0.2 0
8.7 -29.6095 2.4869e-14 0.0002 -0.327545 -1.51043e-12 0 0.2 0
8.75 -29.7581 2.84217e-14 0.0002 0.353086 -2.26939e-11 0 0.2 0
8.8 -29.9067 0 0.0002 -0.176771 1.89574e-11 0 0.2 0
8.85 -30.0553 1.42109e-14 0.0002 -0.373958 2.93876e-12 0 0.2 0
8.9 -30.204 1.77636e-14 0.0002 0.121232 -1.05705e-11 0 0.2 0
8.95 -30.3526 2.13163e-14 0.0002 -0.351517 3.38275e-12 0 0.2 0
9 -30.5013 3.55271e-15 0.0002 0.216949 1.90124e-12 0 0.2 0
9.05 -30.65 7.10543e-15 0.0002 0.443548 1.51533e-11 0 0.2 0
9.1 -30.7986 1.06581e-14 0.0002 0.232251 1.66042e-12 0 0.2 0
9.15 -30.9473 1.06581e-14 0.0002 0.369861 7.27501e-12 0 0.2 0
9.2 -31.096 3.19744e-14 0.0002 -0.019348 2.31353e-11 0 0.2 0
9.25 -31.2448 7.10543e-15 0.0002 0.415213 -2.27729e-11 0 0.2 0
9.3 -31.3935 3.55271e-15 0.0002 -0.374472 1.03919e-11 0 0.2 0
9.35 -31.5423 7.10543e-15 0.0002 0.412831 7.02101e-12 0 0.2 0
9.4 -31.691 3.19744e-14 0.0002 -0.33635 1.95498e-12 0 0.2 0
9.45 -31.8398 1.42109e-14 0.0002 -0.0650278 -1.95709e-12 0 0.2 0
9.5 -31.9886 7.10543e-15 0.0002 -0.132102 -1.13436e-11 0 0.2 0
9.55 -32.1374 7.10543e-15 0.0002 0.077212 1.25098e-11 0 0.2 0
9.6 -32.2862 3.55271e-14 0.0002 -0.375192 -1.04981e-11 0 0.2 0
9.65 -32.435 2.13163e-14 0.0002 0.181903 1.1939e-11 0 0.2 0
9.7 -32.5838 0 0.0002 0.440926 -3.00844e-12 0 0.2 0
9.75 -32.7327 7.10543e-15 0.0002 0.394192 1.20925e-11 0 0.2 0
9.8 -32.8815 2.84217e-14 0.0002 0.39433 -4.33521e-12 0 0.2 0
9.85 -33.0304 1.42109e-14 0.0002 -0.331185 -7.21556e-12 0 0.2 0
9.9 -33.1793 7.10543e-15 0.0002 0.277364 8.12636e-12 0 0.2 0
9.95 -33.3281 7.10543e-15 0.0002 -0.286773 -4.58832e-13 0 0.2 0
