0.01 -4.0001 6.24978e-09 3.97182 0.999987 -4.05176e-07 0.00500037 999.988
0.03 -4.0009 5.06091e-07 3.91607 0.999887 -1.07325e-08 0.0150101 999.888
0.05 -4.0025 3.90283e-06 3.86117 0.999686 7.6753e-10 0.0250468 999.687
0.07 -4.00491 1.49805e-05 3.80716 0.999383 -1.25353e-10 0.0351284 999.385
0.09 -4.00812 4.08898e-05 3.75408 0.998974 1.05998e-11 0.0452725 998.972
0.11 -4.01215 9.11178e-05 3.70197 0.998458 -2.97382e-11 0.0554968 998.416
0.13 -4.01701 0.000177447 3.65087 0.99783 -5.94007e-12 0.0658185 997.627
0.15 -4.02269 0.000313904 3.60082 0.997085 5.27905e-12 0.0762545 996.391
0.17 -4.02921 0.000516697 3.55186 0.996219 3.60895e-12 0.0868214 994.258
0.19 -4.03658 0.000804145 3.50405 0.995226 -3.31969e-12 0.0975352 990.383
0.21 -4.04482 0.00119659 3.45743 0.994098 1.56761e-12 0.108411 983.323
0.23 -4.05393 0.0017163 3.41205 0.992829 5.75817e-13 0.119464 970.848
0.25 -4.06394 0.00238737 3.36796 0.991411 -7.6944e-13 0.130708 949.922
0.27 -4.07485 0.00323558 3.32521 0.989835 2.06168e-13 0.142155 917.101
0.29 -4.08669 0.0042883 3.28385 0.988093 5.08538e-13 0.153818 869.603
0.31 -4.09947 0.00557431 3.24393 0.986176 2.47913e-13 0.165706 806.831
0.33 -4.11321 0.00712365 3.20552 0.984075 2.14911e-13 0.17783 731.462
0.35 -4.12793 0.00896743 3.16866 0.981779 1.73916e-13 0.190196 648.998
0.37 -4.14365 0.0111377 3.13341 0.979281 -6.7446e-14 0.202809 565.857
0.39 -4.16039 0.0136672 3.09982 0.97657 9.49241e-15 0.215674 487.353
0.41 -4.17816 0.0165891 3.06796 0.973638 8.85403e-14 0.228793 416.716
0.43 -4.197 0.019937 3.03786 0.970476 -1.42164e-13 0.242164 355.205
0.45 -4.21692 0.0237444 3.0096 0.967076 -5.02931e-14 0.255785 302.735
0.47 -4.23793 0.0280445 2.98321 0.963431 -5.10009e-14 0.26965 258.502
0.49 -4.26007 0.0328703 2.95874 0.959535 -3.37091e-14 0.28375 221.427
0.51 -4.28334 0.0382539 2.93626 0.955383 1.88738e-15 0.298076 190.406
0.53 -4.30776 0.0442266 2.9158 0.950971 1.77636e-15 0.312612 164.43
0.55 -4.33336 0.0508182 2.8974 0.946296 3.54439e-14 0.327343 142.625
0.57 -4.36014 0.0580572 2.88111 0.941359 1.19071e-14 0.34225 124.259
0.59 -4.38812 0.0659706 2.86695 0.936161 3.23075e-14 0.357311 108.729
0.61 -4.41732 0.0745831 2.85497 0.930704 -1.09079e-14 0.372503 95.542
0.63 -4.44773 0.0839175 2.84519 0.924993 -1.17545e-14 0.387798 84.2962
0.65 -4.47937 0.0939942 2.83764 0.919035 -3.3612e-14 0.40317 74.6647
0.67 -4.51224 0.104831 2.83232 0.912839 -1.62093e-14 0.418588 66.3809
0.69 -4.54634 0.116444 2.82925 0.906416 -9.76996e-15 0.434023 59.2272
0.71 -4.58168 0.128845 2.82845 0.899778 5.4956e-15 0.449442 53.025
0.73 -4.61825 0.142044 2.82991 0.892938 9.29812e-15 0.464813 47.6273
0.75 -4.65605 0.156048 2.83363 0.885914 -1.4988e-15 0.480105 42.9127
0.77 -4.69506 0.170861 2.83959 0.87872 2.88658e-15 0.495285 38.7805
0.79 -4.73529 0.186486 2.8478 0.871376 -8.28504e-15 0.510324 35.1467
0.81 -4.77671 0.20292 2.85821 0.8639 2.41474e-15 0.52519 31.9411
0.83 -4.81931 0.220161 2.87083 0.856312 -5.14866e-15 0.539856 29.1046
0.85 -4.86308 0.238201 2.8856 0.848631 -1.83187e-14 0.554296 26.5875
0.87 -4.908 0.257033 2.90251 0.840878 -3.02536e-15 0.568484 24.3476
0.89 -4.95403 0.276646 2.92151 0.833072 3.33067e-16 0.582399 22.349
0.91 -5.00117 0.297026 2.94256 0.825232 7.21645e-16 0.596021 20.5613
0.93 -5.04939 0.318161 2.96562 0.817378 -2.77556e-16 0.609332 18.9583
0.95 -5.09866 0.340033 2.99064 0.809528 2.16493e-15 0.622317 17.5175
0.97 -5.14895 0.362625 3.01758 0.801698 -3.70537e-15 0.634965 16.2195
0.99 -5.20024 0.38592 3.04638 0.793906 4.63518e-15 0.647264 15.0477
1.01 -5.2525 0.409898 3.077 0.786167 3.747e-15 0.659209 13.9875
1.03 -5.3057 0.434537 3.10937 0.778494 -8.22953e-15 0.670793 13.0264
1.05 -5.35982 0.459819 3.14344 0.7709 -5.63438e-15 0.682014 12.1534
1.07 -5.41482 0.485721 3.17916 0.763397 4.30211e-16 0.692869 11.3588
1.09 -5.47067 0.512223 3.21648 0.755995 3.96905e-15 0.703361 10.6344
1.11 -5.52735 0.539302 3.25533 0.748703 2.22045e-16 0.713491 9.97259
1.13 -5.58482 0.566938 3.29567 0.741529 3.33067e-16 0.723264 9.36703
1.15 -5.64306 0.595108 3.33743 0.734481 -1.81799e-15 0.732684 8.81197
1.17 -5.70204 0.623792 3.36204 0.727562 -1.38778e-15 0.741757 8.30234
1.19 -5.76173 0.652968 3.38173 0.720779 -5.75928e-15 0.750491 7.83366
1.21 -5.82211 0.682617 3.40211 0.714134 7.35523e-16 0.758893 7.40197
1.23 -5.88314 0.712718 3.42314 0.707631 -1.22125e-15 0.766973 7.00373
1.25 -5.94481 0.743253 3.44481 0.701272 -1.7486e-15 0.774739 6.63579
1.27 -6.00709 0.774201 3.46709 0.695057 -2.40086e-15 0.7822 6.29534
1.29 -6.06996 0.805545 3.48996 0.688988 -1.19349e-15 0.789368 5.97989
1.31 -6.13339 0.837267 3.51339 0.683064 4.30211e-16 0.79625 5.68719
1.33 -6.19735 0.869349 3.53735 0.677284 5.96745e-16 0.802858 5.41521
1.35 -6.26184 0.901776 3.56184 0.671649 -2.75474e-15 0.809201 5.16217
1.37 -6.32682 0.934532 3.58682 0.666156 -2.55351e-15 0.81529 4.92643
1.39 -6.39228 0.9676 3.61228 0.660803 -1.06859e-15 0.821134 4.70652
1.41 -6.45819 1.00097 3.63819 0.655589 6.10623e-16 0.826742 4.50114
1.43 -6.52455 1.03462 3.66455 0.650512 9.78384e-16 0.832126 4.30908
1.45 -6.59133 1.06854 3.69133 0.645568 4.71845e-16 0.837293 4.12927
1.47 -6.65851 1.10273 3.71851 0.640755 -1.81799e-15 0.842253 3.96073
1.49 -6.72608 1.13715 3.74608 0.636071 -8.25728e-16 0.847014 3.80258
1.51 -6.79403 1.17182 3.77403 0.631512 -1.51268e-15 0.851586 3.65401
1.53 -6.86233 1.2067 3.80233 0.627075 -1.09635e-15 0.855976 3.51429
1.55 -6.93098 1.24181 3.83098 0.622757 3.04617e-15 0.860193 3.38275
1.57 -6.99996 1.27711 3.85996 0.618556 1.7486e-15 0.864243 3.25879
1.59 -7.06925 1.31261 3.88925 0.614467 1.52656e-16 0.868135 3.14185
1.61 -7.13885 1.34829 3.91885 0.610489 -1.17961e-15 0.871875 3.03142
1.63 -7.20875 1.38414 3.94875 0.606617 -2.84495e-16 0.875471 2.92705
1.65 -7.27893 1.42017 3.97893 0.602849 -5.13478e-16 0.878927 2.82831
1.67 -7.34937 1.45635 4.00937 0.599182 -1.17961e-15 0.882252 2.7348
1.69 -7.42008 1.49269 4.04008 0.595612 7.07767e-16 0.88545 2.64618
1.71 -7.49104 1.52917 4.07104 0.592137 7.63278e-16 0.888528 2.56211
1.73 -7.56224 1.5658 4.10224 0.588755 1.94289e-16 0.89149 2.48229
1.75 -7.63368 1.60255 4.13368 0.585461 6.245e-16 0.894342 2.40644
1.77 -7.70534 1.63943 4.16534 0.582253 7.77156e-16 0.897089 2.33432
1.79 -7.77721 1.67643 4.19721 0.579129 4.57967e-16 0.899735 2.26567
1.81 -7.84929 1.71354 4.22929 0.576087 -7.63278e-16 0.902285 2.20028
1.83 -7.92157 1.75077 4.26157 0.573122 1.60982e-15 0.904743 2.13795
1.85 -7.99405 1.7881 4.29405 0.570234 2.498e-16 0.907113 2.0785
1.87 -8.06671 1.82553 4.32671 0.567419 -1.38778e-17 0.909399 2.02174
1.89 -8.13955 1.86306 4.35955 0.564675 1.65146e-15 0.911605 1.96752
1.91 -8.21256 1.90067 4.39256 0.562 9.71445e-16 0.913734 1.91569
1.93 -8.28575 1.93838 4.42575 0.559392 5.20417e-16 0.915789 1.86611
1.95 -8.35909 1.97617 4.45909 0.556849 2.22045e-16 0.917774 1.81865
1.97 -8.43259 2.01404 4.49259 0.554368 -3.88578e-16 0.919691 1.77319
1.99 -8.50624 2.05198 4.52624 0.551948 -2.91434e-16 0.921544 1.72963
